as.vector.log.thetas.	as.vector.coverage.probs.
3.15073033196781	1
1.58335640541796	1
3.48669479950882	0.95
3.51670214710845	1
3.85638027017113	1
2.99279492710032	1
3.48845663887047	1
0.659472244246387	1
1.46834839795205	0.95
4.66136836103201	0.95
1.08985821745438	0.95
3.74426790849981	0.9
4.28946633808813	1
1.50061239292656	0.85
2.15897567771945	0.9
1.23653059874476	0.95
4.13572710122854	0.9
1.1160790951292	0.95
0.434616418813956	0.95
2.49687522388969	0.95
1.12598458735236	0.85
3.68269666615893	0.95
1.26026635211677	0.85
2.60862489271988	1
3.50339921491741	0.9
0.336400211423391	1
1.49723098637428	0.9
2.60210718939007	0.8
2.5936291833626	1
3.07291281361054	0.9
3.70404846869725	0.95
1.0166546738815	0.95
3.23732698944042	0.95
3.41703879044828	0.9
1.84095564062639	1
0.837243313763759	1
1.74972029085841	1
1.62984627295271	0.95
4.37145947545681	0.9
5.64237255152236	0.95
0.382871454156998	1
1.86747548423352	1
2.20338503708491	0.9
4.44585452163668	0.95
1.95255190954659	0.95
0.620211007019645	0.95
3.04944022253181	0.9
4.41614008272355	0.9
3.89040721770089	0.95
4.05590866335585	0.95
2.80505389030229	1
1.77739384741782	0.95
2.52194452062221	1
3.34232968387215	0.95
0.840871821821465	0.95
3.54211153886282	0.95
3.05917832478417	0.95
2.28649500851514	0.95
3.81313153247176	0.9
2.31261118572684	1
0.652527924426813	1
1.8849359293409	1
3.83577814182117	1
4.06308809094822	1
2.43241661790259	0.95
3.3395932271001	0.95
0.574391108739467	1
4.34275005732122	0.9
2.32537317490885	0.9
1.95058006594456	0.9
1.3802763089817	0.9
2.14533368958542	0.95
1.08927601039019	1
3.81875478240427	0.95
2.80413224049311	1
0.545680846596158	0.95
2.38347555183507	1
-0.768619841551816	0.95
0.734357351467662	0.95
4.15772401770692	0.95
2.32194363569656	0.95
3.03529843334646	0.95
3.84455127277966	0.9
2.08533036271552	0.95
3.77000240484251	0.95
0.528724720675819	0.95
2.28165768876939	0.95
2.27805628374457	1
4.73913576382989	0.9
4.38401048050974	1
2.53406109229753	0.95
3.88009844089607	1
2.02297242134277	1
4.11497644469493	0.95
1.87017400404257	0.85
2.13745328591422	0.9
3.80622732015584	0.95
2.13541145051397	0.9
4.8205804626522	0.9
-0.0540904076818891	1
1.73568022320715	1
0.564177272494041	0.95
2.54177096243725	0.95
3.65217174113812	0.95
2.18142401619676	0.9
2.80620496606353	1
3.0584944516328	0.9
2.37502759898532	1
2.41976874953607	0.9
1.34162662284567	0.95
3.01722070703701	1
2.88394255634476	0.95
3.99520824429549	0.95
3.37559838984782	0.95
4.11396260616957	0.9
3.06084456721489	0.95
2.14506993358916	0.95
2.39449224079263	0.95
4.60717207220202	0.9
1.20575952788536	0.95
0.914285910501361	0.95
2.59829330517963	0.95
3.53224752556698	1
3.88831658387152	1
2.70806103285285	0.8
1.81456903903825	0.9
3.21988348857247	0.85
1.09051114213214	0.95
-0.448803486920501	0.85
4.775436913614	1
3.5588222009004	1
2.92047584771869	0.9
2.7940030657182	0.9
1.78470209322277	0.95
2.07474587797648	0.9
3.62712650127783	1
1.50544729102795	0.95
3.5695483036996	0.95
1.33556867841867	0.9
2.28863889494761	1
2.00813390317205	0.9
3.94323783186879	1
3.84685208871055	1
3.3880880172541	1
3.65604536580379	1
0.553770704175923	0.95
-0.450823087492158	1
3.13121464152149	1
2.88405901127726	1
1.24646733669289	0.95
4.84747728804472	1
3.81488590165479	0.85
1.51995570096501	1
1.27143104044788	1
3.9795565778908	0.95
3.2109152951319	0.9
1.66031197086817	1
1.88115948212414	1
3.14047978116355	1
3.34160898451841	1
2.34460185707456	1
1.40397021392222	1
3.5652815840479	1
0.218300514310869	0.95
3.63698481240754	0.95
-0.124364630052045	1
3.33144303676239	0.95
0.599135475440326	0.9
0.657906446960125	1
0.93634316867222	1
1.93861263654996	0.95
2.65846761506601	0.95
1.38239470332725	0.95
2.33028740545878	1
5.46795326844167	1
2.064029978973	1
2.34967439818172	1
0.874731304645052	1
2.86974232046094	1
-0.0145184102791562	1
1.25396252375339	1
2.50253349152529	0.95
1.70972748147167	0.95
3.34098620620691	0.95
2.49543515979337	0.9
3.26461625513816	0.9
0.936838022188218	0.95
3.92419154607061	0.95
2.30867531353269	0.95
0.799520014459934	1
3.28305484886275	0.9
2.96851636731415	1
1.79313872564162	1
1.40260679899432	1
2.37997562167388	1
1.30773927034414	0.95
4.02106916982384	0.95
3.49760251372352	0.9
2.49357220814174	1
1.51510822164754	0.95
2.22453501426376	0.85
2.87118715258214	0.9
2.68317787594032	1
2.60676995792023	0.95
0.357348778315615	1
1.80514097795092	1
2.61363382717022	1
1.46491789793604	1
2.93263279851873	0.95
1.80258450923214	0.95
4.32459741328035	0.95
2.8735216943954	0.95
1.23254602854441	1
4.82730539902569	0.95
-0.951697615314555	0.9
-1.09573919259633	0.9
3.45894457298055	1
3.42434770888441	0.95
0.169116812238653	0.95
1.43292665601299	0.9
3.11594846565809	1
1.01741757006821	1
3.41375162564187	1
2.88875868444584	1
1.35740616528295	1
4.25887612808842	0.9
2.55879284156394	0.9
5.27184299159506	1
-0.709337580623343	0.9
-1.8194864068407	0.6
3.37361316695109	1
3.43911643206619	0.9
3.39644562347819	0.9
2.89107560547859	0.95
1.89683761486754	0.95
1.91724374966276	0.85
2.47072780404822	1
1.92306914336676	1
0.571453657481058	1
2.49620372950127	1
2.55770554697004	1
0.74968710783986	1
4.17108181728723	0.95
2.34004256355353	0.9
3.07089390980136	1
2.12537490118752	0.95
4.2586918000609	1
3.1481332503123	0.95
2.66865620396298	0.95
0.79381371205683	0.9
2.61253318785407	0.95
0.668623959352807	1
3.24688459152707	0.95
0.198731163411488	0.9
1.22573544246768	1
4.19073339554499	1
5.28737029309117	1
-0.570849838981073	0.9
1.86865000212928	0.9
2.9803208540345	1
2.98267292956227	0.95
1.56402663573731	1
3.3477088302478	0.9
5.29675565601946	0.9
2.90151987708684	0.95
0.768632215804179	1
-0.0605571707802319	0.9
0.834836567496003	1
2.49174421427004	1
2.08703733896115	0.9
3.34960686405106	1
2.98798706412769	1
1.96702880209482	1
1.86945552013075	1
3.26467503569693	0.95
1.4432667612178	1
3.34012344939256	0.8
2.36806428182169	1
1.43600287586299	0.9
2.89820466017448	0.9
1.03815208189183	0.95
0.899481921806993	0.95
3.68044163864283	0.85
4.07807258021697	0.95
4.55254089675282	1
4.03628057681331	0.95
1.32859433891115	1
3.82587244285044	0.95
3.14584223835476	1
3.12151204202605	0.85
2.14039967940252	0.95
5.92705437962088	0.85
3.92461963839305	0.95
2.92219580601337	0.95
1.93367250576673	0.9
1.14887905204521	1
2.04065877457436	1
2.47556496326456	0.95
1.94438181210607	1
3.66406102889523	0.9
2.82678312175402	0.85
2.16085076232681	1
0.762175227822805	1
3.82017142512111	0.95
1.12701916038374	0.9
5.84064703880236	0.95
4.42968408553545	0.9
1.97231900734229	0.95
2.81997276472393	1
3.85157633788951	0.95
1.17773742213138	1
1.99212581125596	0.95
3.78033131736551	0.9
2.67700293335802	1
0.852442242510259	1
0.776952302535162	0.95
2.19705998020909	1
3.2876982352135	1
3.95178201921304	1
1.93605299126964	0.9
2.32138428934682	1
3.85644346449994	0.9
1.11624009316232	0.95
3.14279015758025	0.85
2.25221881439163	0.9
5.16725356456137	0.95
1.63732553448939	1
0.244469309836115	0.95
0.919539653511402	0.95
3.82968599115954	0.95
2.44974917132292	0.95
2.85061402941015	0.95
4.75385831351003	0.95
2.24944633870247	1
0.790339827804996	1
1.06044855357422	0.95
4.18709148222237	0.95
2.31927045184015	0.9
2.34304608988614	1
3.31802259622134	0.95
2.01422455851091	0.95
0.846089113129265	0.95
3.6349503629775	0.9
2.68759679600577	0.9
2.99766209748198	0.95
4.108850012532	0.95
5.44479261596653	1
2.21332615014228	0.95
5.11351212075574	0.9
2.74876684682102	0.85
2.76472682765102	0.95
2.80865703197478	0.9
1.3225159168728	0.95
2.83068210815928	1
0.389153969776678	0.9
3.08340214923954	0.85
2.89869016442175	1
4.49419921188938	1
2.48646753588136	1
0.945032446314624	1
2.92882831484447	1
2.66903584520111	1
3.85512644905852	0.9
0.175267193383842	0.9
2.76698248576242	1
2.07343662426856	1
1.21522424355387	1
1.00467142240213	1
3.72985156954756	0.9
3.83677532071427	1
3.69111194888618	1
0.736494924274705	1
1.08040989689293	0.95
4.34265436340256	1
1.53569118606905	0.9
4.30033555451579	0.9
1.54736274476252	1
1.8436002927129	0.95
4.66305199597032	0.9
2.51957564774034	0.9
3.85005846872043	1
2.75138568924307	0.9
1.14959693822944	1
0.93948848054337	1
0.718418063273174	1
3.1330060759243	0.95
6.02606370766943	1
4.05526091096227	1
3.8677796812262	1
2.25259548582147	0.95
2.91100210113778	1
1.84698707267141	1
0.596317018347492	1
2.4042289101516	0.95
1.15973887873121	1
2.89720755185719	0.95
1.40454211369688	1
-0.332627436267251	0.95
-0.827539539187772	0.9
3.34221196461088	0.8
3.86946072532747	0.85
3.75437078495873	0.8
1.26013320234883	0.95
0.637497885540317	0.95
1.61692416912807	0.9
4.31195314820816	0.9
3.64901663620337	1
3.0543436202846	0.95
1.83406319443023	1
2.69317845488877	0.85
2.78947469721161	1
3.07790430626525	0.95
4.87014109058689	0.85
2.6998907253214	0.9
-0.0434160236403396	0.95
2.26289112318992	0.95
2.59938419403686	0.95
3.17594697419372	1
3.70659458917232	1
3.20204539972391	1
2.28146151407116	0.95
1.64721199136766	0.95
2.53517058878989	1
3.25340962795676	0.95
4.18305882390802	0.95
5.17468716342314	1
3.78386409075639	1
1.16711193089793	0.95
0.284255887545155	1
0.264949580811958	1
2.12421295169601	0.95
2.20337772526365	0.95
2.02436261314383	0.95
1.07402377533162	0.9
2.35903893964433	1
-0.868383860749812	0.8
3.0248882589335	0.95
1.67760874897489	0.95
2.80417135395206	0.85
2.58013403221228	0.95
0.892204994611926	1
-0.0440715015444217	0.95
0.780400495068424	1
3.45983863382568	1
0.570305489297871	1
3.61608028143039	0.95
2.95302771849106	1
2.20805532521796	1
2.77579077717582	0.95
2.77035297847249	0.95
2.80278463566651	1
4.25124703134824	0.95
0.397544823211895	1
1.67849555005261	1
4.51469720215079	0.95
0.9521030268204	0.95
2.45437084587515	0.9
2.64350447663057	1
3.08855624720002	0.85
5.12199636443326	0.9
3.62937380240525	0.95
2.28364821208601	1
0.864975085285569	1
1.37962594741027	0.85
3.65210709240551	1
2.8376980940004	0.95
1.67609737986373	0.85
2.95717286540973	0.9
-1.39258730739569	0.6
2.54543252230105	0.95
1.57786177397849	1
3.08175263211741	1
1.9941513992401	1
2.46411213299681	1
3.7694247678015	0.95
1.61453870587039	0.95
2.30473739077349	0.95
3.58477620704368	1
2.76186173528355	0.8
0.593758325211783	1
0.554085286220934	0.95
2.47559779663928	0.9
5.8014801056458	0.95
3.0685510390907	0.9
4.07324366686316	0.9
2.00566636950366	0.95
1.11116219543444	1
-0.546585745622996	0.95
2.01095579305388	1
4.09228139475666	1
3.40123593314461	0.95
0.53262309961654	0.95
3.50682144988288	0.95
2.94725385022285	1
3.0690897918189	1
3.68153382219848	0.9
4.00730724000099	0.85
0.522567986798218	0.95
4.06016560461644	0.95
3.85456011255388	0.95
2.8248128691214	1
2.119110076279	1
4.81561094634891	0.9
4.48122555418568	0.85
1.98838093028471	0.95
3.35550108579447	1
5.24761740080034	1
1.37683545718855	0.95
3.57423058607696	1
3.786577035494	0.95
2.25402337551173	1
2.22390849361264	0.95
3.69770424137721	0.85
3.83935260533187	0.95
2.11774205035721	1
1.01652021864739	0.95
2.3339547513591	0.95
1.60602141527133	0.95
2.76916190895702	1
2.36013586538289	0.95
3.11944707312058	0.9
3.27692628161216	1
1.50377810045823	1
2.38222315930661	1
0.928837474611866	0.9
0.379285528511137	1
2.64175350001466	1
0.886221982652135	1
2.27032450960532	0.9
1.66822942290375	1
1.1904257554372	1
1.81707740880586	1
1.75658431913408	0.95
1.25119234888623	0.95
2.68801201419258	1
3.45669228520099	0.9
4.33479956115083	1
2.5850014880012	0.9
1.85604953343385	0.9
0.120302510196763	0.95
0.558593521070013	1
2.72905902457487	1
2.1601725959893	0.8
2.6006763830181	0.95
0.319837609945981	1
2.34290084627023	1
4.07496907742181	1
1.82708569593908	0.85
0.821530033087914	0.95
1.82639950771871	1
1.41039864479253	1
2.27072107565015	1
0.673566191731514	1
2.10193597936433	0.85
1.20618830339398	1
0.472165501534449	0.95
0.319621351092406	0.85
2.62999611908461	0.95
2.32781851936874	0.95
1.21283508613812	1
1.79523759303861	0.9
2.82469661382024	1
0.749342937881182	1
4.76660691477262	1
1.0229298332617	1
-1.17904459871151	0.9
0.945941847574299	1
2.66021367735951	0.85
2.64430910440833	0.85
2.80377856680689	1
3.19456127698556	0.85
0.271467107265494	1
4.21330286159135	0.95
5.73384022624534	1
0.674500211005487	0.9
1.80096690353793	0.9
1.90819206765243	0.95
1.79858657261381	1
3.16107775969495	0.9
3.8761985921491	0.8
1.93157539566868	0.9
0.667443066642657	0.95
4.90328840804663	0.95
2.28349082373924	0.9
4.98503014137975	0.9
2.56772017533481	1
2.93944739346388	0.95
4.65014427604213	0.95
1.26500613612079	1
2.71137244260554	0.95
2.72320430584316	0.95
2.64354120544857	1
5.02556623059255	0.9
1.02357182338732	0.95
1.71267064031414	1
4.89063705933451	1
3.55139977267636	1
3.73999893369524	0.85
0.27337417339317	1
0.94797456917588	1
1.11825910223374	0.9
1.72317983729151	1
4.44234853936225	1
5.25436712526751	1
2.80867191363377	0.95
1.49303165869554	1
1.71289957046826	1
0.926198863603805	0.9
1.3411057962476	1
3.17202328518313	0.8
0.504848438099315	0.95
0.581698547495388	0.95
1.96659737586405	0.95
0.910880511814879	1
3.67394011649104	0.95
0.270927887030379	1
2.51540218107582	0.95
3.45255268072826	0.85
2.62052141879183	0.9
2.37197045471301	0.85
-0.617470273355851	0.9
3.75798404789245	0.9
1.0934102022888	0.95
3.28528318795806	0.9
3.39797900523807	1
1.28956248263846	1
2.11156436569352	0.9
2.91361928730164	0.95
2.62159383560825	0.95
2.59974014952235	0.95
2.79629707659812	0.95
1.45991973827441	0.9
4.62181000263323	0.95
2.36332140749807	0.9
1.49172469180409	1
1.77463394953145	1
3.10768213594017	0.95
3.18705461672933	0.95
3.50059363766142	0.85
2.29142520799612	0.9
2.51498858588516	1
0.86128429854959	1
3.15133445564471	1
4.32281920763283	1
0.959881957796374	0.9
0.38003963497685	0.95
2.36067385333981	0.9
5.05409659225802	0.9
2.4835870145935	0.95
2.91514981025801	0.95
1.56510612277016	1
3.80408544108104	0.9
4.15928204243872	0.9
-0.592277232965948	0.85
2.132915955427	1
1.47187673664921	1
4.77150701209186	0.95
0.435242909449768	0.95
2.89499264534941	1
2.22846906478349	1
3.8059408155184	0.95
1.71741274199207	0.95
1.61859610858532	0.95
2.37500961477865	1
3.31445140065354	0.9
3.58255717329665	1
1.14599922863373	0.9
1.25267966445695	1
2.08725894374014	1
2.26557981191408	0.9
1.93893866886749	0.9
2.29595521166325	1
2.69143127950659	0.95
0.670309585780125	1
1.50366350418839	0.95
2.51774071981738	0.95
1.93718274409299	1
1.84738092466867	0.95
5.45808491464591	1
2.73848894556407	0.95
3.04544747160451	0.95
1.40834143084803	0.95
3.75165697461183	0.95
3.34960435987382	1
2.2344732157315	1
2.2047068219034	0.95
-0.264595847749125	1
0.912317418219311	0.95
1.76117501159714	0.9
1.20942261994527	0.95
0.0410687026322227	0.9
5.23308837780499	1
2.04331277919089	0.9
1.61640736413796	0.95
3.98563086638146	0.85
3.19351920968779	0.85
1.94703670768958	0.95
1.69198889620748	0.85
1.9919789017624	0.9
1.75490138863383	1
2.1436629986206	1
5.19183215967683	0.95
2.01682882055905	0.95
0.654099183899852	1
4.64793333957015	1
3.26016977735517	0.95
4.2256778380208	1
1.94506637649304	1
3.13938577037676	0.95
2.91691684002739	0.95
1.91091889746501	1
4.90933218195034	0.9
0.57000827267721	1
2.71418424172538	0.95
2.15490490984122	0.85
1.99219968620332	1
1.64633758942711	1
3.02580026406	0.9
2.78996169743306	1
3.39488054635045	0.95
1.76769612658932	0.95
4.02852051425503	0.95
1.88939570104061	0.95
0.204711839445552	0.95
1.72295131542314	1
2.68288483302466	0.95
-0.523636509884276	0.9
1.44744810129194	0.95
0.799549759085252	0.85
-0.0532018576161679	0.9
1.5280822034651	1
1.41972263553411	1
2.75460866754359	0.9
1.77222099320845	0.9
2.53295274940881	0.95
0.349911360397013	0.95
2.00209994018533	0.95
2.76326371139778	0.95
3.591055882926	0.85
3.90880669818244	1
1.30384011474819	1
1.4148040639935	0.85
2.16231219567812	0.95
4.2851672064212	0.85
3.30474644971247	1
3.15868319531189	1
-0.488450605947336	0.95
2.13330595339458	0.95
0.416297779187679	0.95
3.60391315303735	1
4.85048975473634	1
3.23911769534435	0.95
-0.360971608277118	1
5.13106660978989	0.9
4.06803831646726	0.95
1.60347319649154	0.85
3.95126356559292	0.95
1.47241330465416	1
0.471954635254654	1
4.38157061532798	0.9
1.8495722944768	1
4.54604784927607	1
0.875074008468626	0.95
2.14999924156758	1
1.03338629638127	0.95
2.37519982788706	0.95
2.86711666022859	0.95
3.39653970772982	1
2.67064788000055	1
0.314853361112407	1
1.69723697725573	1
0.775576912558004	0.95
4.40923434894877	0.9
0.0235925559801342	0.95
4.47496505507147	0.95
2.04130093204104	1
2.69533447935138	1
1.0810423736974	0.95
3.60091648865244	0.8
0.754959006222037	1
1.77754951548995	0.95
3.11354761532318	0.95
2.43958411669094	0.95
3.74963902391118	0.9
2.02347581426144	1
2.85102135626043	1
0.338890720847804	1
1.56169138175759	1
2.769920180698	1
1.42187597858698	0.9
1.15668240973863	0.95
1.63156555974746	0.95
3.3478339054398	1
3.37489424042019	0.95
1.86753792367052	0.95
1.72981055070371	1
1.23475117760064	1
0.749823442969355	0.95
2.42654447458973	0.9
1.94622159962465	1
1.91856945370605	0.95
2.58341562909721	0.9
1.9975715470548	0.95
4.06988698413135	0.95
2.89230960092144	0.9
4.03003374547256	1
1.98148083341654	1
2.07667778233419	0.95
1.81993535502432	0.95
3.05819719707866	0.8
0.896322292248329	0.9
3.03333871570499	0.95
3.45803244580188	0.9
3.4007934973243	1
3.51934025074681	0.9
3.65187653138451	1
4.84461675617965	0.95
3.35012603412673	0.9
-0.139520450377823	0.95
3.22059502134372	0.95
2.25302883856841	0.9
3.33827487106792	0.85
2.2845417344035	1
1.55981456638865	1
2.78149524116743	0.95
1.14508226035983	0.95
3.0462751868006	0.95
1.10724800735897	1
2.53844381821862	0.95
0.417818939314425	0.95
5.02544513861297	0.95
-0.488396693852938	0.8
3.49195574511301	1
2.97515935689047	1
1.09269455966192	1
2.26239773136441	0.95
4.89378070638786	0.9
0.725754203537566	1
2.09752119028781	1
4.46594556696639	1
4.61729725191806	0.9
4.75716904302357	0.9
2.42445866874339	0.95
3.56833303210844	0.95
3.57537165835887	0.95
1.63912364510845	0.95
2.23242922609942	1
1.77480877032639	0.95
1.61034067072757	0.95
0.929062659417925	0.95
2.36010605501301	0.95
2.98482949313539	0.8
0.788030085309601	0.95
1.53818488130757	0.95
3.1467821317388	0.95
1.65421419941095	1
3.00022508373027	0.95
4.4690066758966	1
2.76405286909073	0.95
3.85486930273256	0.95
0.903201545443658	1
4.36555828148642	1
1.69121682140805	0.85
3.5208193194656	1
1.64673882549664	1
3.40763306410046	0.9
2.1594092721241	0.9
5.86742427680156	0.95
4.87269739631898	0.95
1.42491955810214	0.9
2.70448799815641	0.95
1.98845488085004	1
1.96309576955608	0.9
1.2866295769787	1
2.59035991250171	0.95
3.05614726250645	1
4.29765530570499	1
3.6587940791376	0.9
2.41189979320284	0.85
0.452429686275128	0.9
1.05449197566183	1
2.17921672236482	0.95
2.02399032827272	1
2.67598265455881	0.9
1.03998540372696	1
3.09564341241455	0.85
4.05771746526628	0.95
2.17240965899731	1
1.94138408717187	0.95
1.72070654720786	0.95
3.82696654508408	0.95
3.17241576272068	0.95
2.13924086576298	0.95
2.61125843285862	0.85
0.81965828353592	1
6.408743358996	0.95
2.677240743844	0.95
1.5415860054402	1
1.3717983195436	0.95
1.79955733060344	0.95
2.33336663667563	0.95
2.14116319560347	0.95
2.59142037173287	1
3.24333190973203	0.95
2.48326310113597	0.9
3.14337413879123	0.95
1.45053427103811	0.95
3.74857596121381	0.95
1.1329058581602	1
1.80557807005909	0.95
4.33473253677757	1
4.79109998400684	1
5.56100206215497	0.95
-0.0093723912048822	0.95
2.6498485919726	0.95
2.03579776190456	0.95
3.61228046223111	1
1.71807715166303	0.9
2.14814003238989	0.9
5.47988694139233	0.95
1.7759789743544	0.95
0.0520980915468829	1
3.19029311434423	0.95
4.26977990588588	0.95
3.97420370505103	0.9
2.58975928767829	0.95
1.70886309312828	0.9
4.50557860949771	0.9
0.689930194768774	0.95
4.80674544347482	0.85
4.04691960646681	0.95
2.70255907830596	0.9
3.8227080232625	1
3.79249114180652	0.95
2.14043012745276	0.95
4.64152237371506	1
2.87105839649542	0.8
3.55057306297623	0.9
2.92687228623246	1
1.9890839211885	1
2.52159384905453	1
1.24987451722349	1
3.66548934835865	1
2.19479254709569	0.8
3.80800632682663	1
1.96006125080355	0.95
3.42751375031862	1
3.46640838388266	0.9
1.47124067271517	1
-0.338649560331981	0.95
4.10734929566488	0.9
2.04131023767838	0.95
0.363531071638277	0.95
0.532044951188676	0.95
2.18025625730204	0.95
2.39553265373383	1
1.60060692151831	0.95
0.686833302265885	0.95
2.45370895663799	0.95
3.32059069872578	0.85
2.52598359831743	1
0.34532570577253	0.95
2.46575712772844	0.95
2.03116104680297	1
3.54137260300593	1
2.55670224802911	1
0.387411321882876	0.95
4.32881754398071	1
3.67573194612159	1
1.88380097349685	0.9
1.11743240541478	1
5.16792681371748	1
1.34259653902047	0.95
5.6110020138852	0.95
2.06257753212316	0.95
3.86777313102088	0.9
1.7612593498594	0.9
1.59701821083575	0.85
-0.0828543564411195	0.95
3.77184938973976	0.95
2.0544254272033	1
3.72346841551664	1
3.13447005759145	1
0.251018915136378	0.75
2.6838314540664	1
6.01390791111951	1
2.82464334734321	1
3.73402631848175	0.9
0.443867662019956	0.9
0.808593306495888	0.9
3.55441290700111	0.85
2.61939372280487	0.95
2.53792594933777	1
1.45870957305052	0.95
1.36221688170487	0.85
4.26504858165243	1
1.04170257904251	1
2.77591496163926	0.85
3.32046897850506	0.95
2.68912978335267	1
2.48286560124826	0.95
1.7602879479834	0.95
3.88758120401254	1
4.74732383632043	0.95
2.54192993036324	1
1.48354561538138	1
0.30523213715434	1
0.221674200220875	1
2.40857642451884	0.95
4.47743957360712	0.85
3.48874777052936	0.95
3.80993717781595	0.75
3.98956077716792	0.95
1.14145051500673	1
3.13406125685491	0.95
3.95837514889087	0.95
3.39165318865134	1
3.72834327748659	1
2.45695703083489	0.95
2.79578067086041	0.95
4.03612687467843	1
4.05305293615799	0.95
3.93968158011198	1
3.00992558472206	0.9
3.24866659679716	0.9
2.68939987783096	0.95
3.25609901579882	0.9
2.2919765031581	0.95
-0.526640086715013	0.95
0.39911383696396	0.95
3.18624995634083	1
0.339363577478971	0.8
1.23707349433491	1
1.76321511474397	0.95
3.63495248401802	1
3.01718314444911	0.9
3.39991064547096	0.9
0.228347896279482	1
1.0112892654456	1
2.80347988556274	0.85
2.85001214603949	0.9
5.48036411500403	0.95
4.10405446196536	1
3.24159523768167	0.95
2.9704904433706	1
3.61435676683081	0.95
2.34395370923706	1
6.1433896232833	0.85
0.660097660832208	0.9
2.92621729036258	0.95
3.03705819349952	0.85
1.97924588999604	0.95
2.97952725557382	0.95
4.05800419505612	1
1.36984894616211	1
3.07309554740773	0.95
2.08822363864161	1
2.53449115189621	1
2.86189650359968	1
2.76850966247443	1
2.01889058261492	1
3.24382679125394	0.9
3.05586188938913	0.95
2.54994466461506	0.95
0.705368825298969	0.85
0.0228048458839716	0.95
3.93959726213046	0.95
4.37813630803828	1
2.69000738658494	1
1.399845531451	0.95
2.58161961716009	1
4.39329626444411	1
3.13625543134903	1
0.645975890965223	0.9
2.13803529682482	0.95
0.203449448210541	1
2.51949432953239	0.95
1.0390121253306	0.95
2.72563780547692	0.9
0.575046953693264	1
4.72060757753933	0.9
4.46192174517313	0.95
2.00408495875615	1
3.8123572666052	0.95
2.58916689712365	0.95
4.60657591486209	0.9
2.52621476395847	1
2.99334330277549	0.9
1.46712827547496	0.9
3.39728177110952	0.9
0.90132211604167	1
1.58372335706954	1
1.39475908878866	1
3.78765588876256	1
2.92761035359902	0.9
1.6807383842859	1
1.80159727133665	1
2.11102931769987	0.8
2.75313755919752	1
1.84812275789171	0.95
0.339251091173701	0.95
5.14905979265757	1
4.23343182935439	0.95
2.13994732741282	0.95
4.74583315466406	0.9
3.9159733034201	0.85
2.78700513463594	0.9
1.71242449810558	1
2.30549224903929	0.95
1.55021121899828	0.8
4.82304114775066	0.85
2.90183800646053	0.9
4.65529470674463	0.95
4.20482002928922	0.9
2.60263048108256	1
1.42664299741675	1
1.90484491315686	0.9
4.38210042910946	0.95
2.67129127000728	1
2.42993945317832	0.85
2.64754192255503	0.95
1.00852796298694	0.95
2.55865327065432	0.95
1.87219148264505	1
1.84538251850113	0.95
4.30246250894645	0.9
2.52967943794092	0.85
0.73831799327341	1
1.34521572727679	1
3.05858865154518	0.95
2.74923050314975	0.95
2.21759883092589	0.95
1.98759151983868	1
1.49730827251385	1
3.82672746616097	1
4.80627560790376	0.9
2.28095566528949	0.95
4.82773397227626	0.9
2.65293807854982	0.9
5.25743455462315	0.95
1.68443686072195	0.9
2.67195598640704	0.95
1.30473357671213	1
3.03286745706656	1
3.25369359571084	1
0.948750743831923	0.95
2.83806170281503	1
1.74632198069216	1
1.9526339825194	0.95
1.59392879504979	0.9
1.31612336410307	1
2.91866369205009	0.95
1.97658170903405	1
4.14086486293986	1
3.42813722358134	0.95
4.89644489906546	0.95
1.59547324838366	1
1.54293220659932	1
1.98319158952435	0.95
0.971482082193021	1
2.43287979897528	0.95
1.01474030449037	1
4.46792277362647	1
2.34953036165186	1
1.15878911076384	1
4.22348403664344	0.9
2.16440695189193	1
0.289056473540726	0.9
5.42451121961405	0.85
2.13669289799027	0.9
3.25194203696141	1
3.01345470301317	1
1.13101937800491	1
2.25900890412576	0.95
4.46209811161515	0.95
2.45574151375893	0.95
2.10152001409901	1
4.22469975086729	0.85
1.46177934214098	0.8
2.04351606578388	0.95
1.8813890983723	1
2.44184475026708	1
2.45295845990562	0.95
2.54205427115601	1
2.48680616056477	1
3.64034978445099	0.95
2.59004043171503	0.95
3.63382063872497	0.9
3.35010064024846	0.9
3.11152682446115	0.9
2.59637927709676	0.95
5.28764980671952	1
1.18788254542241	1
2.61622359676429	1
0.437790145688289	0.95
3.33240952127104	0.8
1.00734878489746	0.9
3.84251771867344	0.9
3.39352041191489	0.95
1.52447509609658	0.95
2.72166076853033	0.95
2.96638113882138	1
2.71233502023087	0.95
1.37619154500613	0.95
2.59991914434932	1
5.41191656837859	0.85
4.6407625606134	0.95
4.53397476378016	1
5.25021245771488	0.9
2.44336897117374	1
1.52767403230333	0.9
1.93343233892231	1
1.24855506371471	1
2.04937590872554	0.9
5.50555709912312	1
2.80322135130108	1
1.68545439777001	0.95
3.30689976741971	0.9
2.19410616063594	0.9
4.28986014023907	0.9
3.90323960352794	1
3.44803175254288	0.9
3.08462072031837	0.95
3.09815739261301	1
0.764399032808374	1
3.62450019668091	1
2.51229789393725	0.9
4.52308997744644	1
0.691942984236505	0.95
2.67478618810464	0.95
3.61982054468446	0.9
4.10647952122565	1
3.59233288916932	0.9
1.45745065515348	0.85
1.61988005290762	0.9
0.977810742359387	0.95
2.69683315618863	1
4.47468664626281	1
3.59090824834277	0.9
2.55406975543903	0.9
1.54525437094521	0.9
1.50143091914441	1
3.05980059287369	1
2.60271383250201	0.95
3.22678091849771	1
2.05625263171061	1
2.440626080214	0.95
1.95328190190314	0.95
2.71332576094321	0.95
0.491226094882741	0.9
1.97637028484049	0.85
5.81203382853612	1
3.42162529525798	1
0.547753245012793	1
2.38497506878518	0.9
3.81212332459285	0.9
2.95172226979082	0.85
2.81771289932541	1
1.25392767040317	1
3.80084254185763	1
2.59044624431218	0.95
2.83134867376927	0.9
4.3805996348403	1
2.17361384000278	0.9
1.3608987030598	1
1.31982031690109	1
1.6735995739194	1
3.59818158688384	1
1.51182706494402	0.95
3.00433897696624	1
0.306083307226656	1
1.51664212291	0.95
1.98294037445339	0.9
2.6707597855013	0.95
4.32836960622829	0.95
3.7012271146167	1
2.25072878139254	0.9
5.497925854265	0.85
2.54804511755806	0.95
2.6234462506547	0.95
1.95478511935344	1
1.77102257759064	0.95
3.07640143451496	0.9
1.92875902844107	0.9
2.23427879044535	1
3.80200133470687	1
1.2989709831113	1
2.98304616414321	1
2.42584583398602	0.95
1.69167905688134	0.95
0.74520034131019	1
3.32254128562735	1
3.04664761629046	0.95
3.04296116939074	1
1.99898090123091	0.95
3.14616183180352	1
3.72789084160043	0.95
0.789161069761539	0.95
2.76565148469429	1
0.304469675111038	1
2.89916513837079	0.95
0.786809847143791	0.95
2.903166312199	1
3.76799587176699	1
2.76164283378878	1
2.03545593655516	0.95
-0.831965677079624	0.9
1.82984953005199	1
3.98763196991637	1
3.00352147671906	1
1.78269659948974	0.95
1.8301636026425	0.95
5.37726199223603	1
1.12022241970915	0.95
0.342357632956872	0.95
1.83688463428953	0.95
3.18843519391049	0.9
2.50499596360298	1
2.14458843057446	0.8
1.3488045786212	0.8
2.41158069002697	0.95
2.78037069740412	1
0.479327334912252	1
3.49684046725402	0.95
3.18577291441816	0.95
3.76278608556636	1
1.31445044588661	1
5.04320985612289	1
3.77704258243208	0.75
2.70976183467272	0.85
3.52977155540293	1
2.18200910363853	1
2.74781750476371	1
-0.391333354400034	0.95
3.32115463523578	1
3.31153305955544	1
3.8542496578589	0.9
2.11167663252293	0.8
1.78973622172147	0.9
2.39518488690666	0.85
4.88775535588611	0.9
1.61054207415239	1
3.26510096840648	0.95
3.00738898509799	0.9
2.57862288771163	0.95
-0.276035746620768	0.95
0.17815945173987	0.9
2.21967627340539	1
3.19493361651469	0.95
0.974157095248587	0.95
2.17862993850009	1
3.42081155636995	0.9
2.93646433087992	0.9
1.44336174360116	1
-1.39803274870763	0.55
2.85183248998288	0.95
4.5154708740714	0.9
3.73633151331363	0.85
2.78884337376492	0.9
2.60487278862287	1
2.94664404022993	0.95
1.77162227955056	1
2.53766204069012	1
2.79936293936894	0.95
3.74127096122219	0.95
4.37995371781039	0.9
1.76398984279594	0.9
4.10442365102132	1
1.54588206409687	1
0.65540960092532	0.95
3.57788650798892	0.95
1.96429171656319	0.95
2.58611626804065	0.85
2.76344690852517	1
3.79919826733974	1
1.40162719955649	1
4.35611998462435	1
0.759596700909316	0.95
0.233031890009522	0.85
3.25977288547138	0.9
1.71670695886971	0.9
3.67612974686458	1
2.69113882301236	1
2.07544909594317	0.95
1.64768206178366	0.95
3.98946858076187	0.95
1.37193090960416	0.95
0.819386694642427	0.95
4.01719824898927	1
1.4657480795146	0.95
3.05300964976938	0.95
2.04980026791698	0.95
3.77263328649355	0.95
3.8895588629897	1
2.95492167473785	0.95
0.921150346432379	1
1.68912085628384	1
2.0082625494477	1
1.78609053312052	0.95
1.1527893810822	1
0.183611615516035	0.75
3.03536017701356	0.95
3.22660928520043	0.85
3.68043039129541	1
2.82371022876227	0.95
4.15654629689922	0.9
4.06401398243913	1
1.56405827736483	1
3.3331098380814	0.95
2.35592313716845	0.95
2.52243052821503	0.9
4.10408544582476	1
1.440233520038	0.95
2.29582697830694	1
1.97823947034903	1
2.70742938225788	0.95
3.31504167942576	0.95
2.8071140093996	0.95
2.00999356511979	1
5.52940407484145	0.95
3.02494746568954	0.95
4.12806139491653	0.95
2.25928767166067	0.9
5.48925114826113	0.9
2.36104581989162	1
1.94582834719562	0.95
2.34251916130969	0.95
3.00028717675333	0.9
2.74139979346857	1
4.96288848899544	0.9
2.76403490273707	0.95
4.58317965291759	0.9
1.88117519042388	1
3.71230233064902	1
3.13623446612631	0.85
3.38648940458813	1
2.49584397198401	0.95
3.09908506728104	1
1.48124550185609	0.95
3.37430857680799	0.95
3.38577650564729	1
2.77437400551267	0.95
3.12271554058835	0.95
1.84258604647235	0.95
2.06399154322324	0.85
3.49098786034775	0.85
3.02630264113519	0.95
5.174551855557	0.95
3.69054154777702	0.95
3.81189985948537	1
3.50591917947895	0.95
1.22282267032883	0.95
2.79007325632406	0.85
4.66819376047598	1
2.68351880570527	1
3.10288204676156	0.9
2.2996349198475	1
3.09355836497282	1
2.5221703999349	1
2.43456953964912	0.95
3.89310961547534	0.9
1.43294763385014	1
2.12714815237815	0.9
3.78392805938077	1
1.04141226288832	1
1.13721434022043	1
3.56808359324224	1
1.86144201695111	0.8
3.21677387121643	0.95
2.20904782426567	1
2.24115459218441	1
4.551631595893	1
2.57488598263599	0.75
3.17919587538616	0.9
2.75919285568736	1
3.51032842768628	0.95
2.68563936486995	1
3.07219446793633	1
1.80107656687458	1
1.52309080329793	1
2.24695914786626	1
0.368913667364436	0.9
1.10781932900942	0.95
4.62176248962395	1
5.09258469076536	1
0.450251198151535	0.95
2.60404601503344	1
3.57092960058354	0.9
2.35725795258212	0.95
2.4166540424156	0.9
2.64061076719632	0.95
0.706998064828073	1
1.05088793045545	0.85
5.40146769180372	1
0.216887729034176	1
1.81313384191132	1
3.19670141054936	0.9
0.896376710479623	0.95
-0.0429780904559012	0.9
3.73353546594117	1
2.74180092443181	1
2.28875533526141	0.9
2.24609721156008	0.95
3.07545769218392	1
1.13362190524242	0.95
3.17862265381799	1
5.37899377097194	0.9
2.64758482772997	1
-0.932201553676282	0.8
2.24342898110301	0.9
0.550189065925898	1
2.94366199201726	0.85
2.98532647359607	0.95
4.27604829835839	1
2.61239661854499	1
3.49524869435382	0.85
0.381134506911212	1
3.26164963966358	0.95
2.23833655722734	1
3.33578061574912	1
2.94740739604223	0.95
4.21445072154243	1
1.22034241845565	1
-1.12688746773422	0.95
-0.197174027420917	0.8
3.18868652754994	0.9
3.02253224243169	0.95
1.87130013292969	1
2.03482675249099	0.95
2.7571398292166	0.95
2.06108355563038	0.95
1.66932762793889	0.95
3.03555604579243	1
1.92708147774496	1
3.14674396176824	1
4.24554206516557	0.8
-0.0666631675185303	0.95
1.93995715982146	0.9
0.81288251267928	1
3.17722376157178	1
2.02755105928915	1
3.58649447518651	0.85
3.28522015293793	1
2.21105853448507	0.95
2.76777678770735	1
3.55860524876223	0.95
3.7153900438448	0.95
3.64835380368477	1
3.77372346022652	1
1.2710867192217	0.95
2.92220595723343	1
0.289288667148929	0.95
5.41728299795722	1
-0.850839213408927	0.85
2.08805453889468	0.95
2.64562766868306	0.95
3.8964387553016	0.9
3.32832032361185	0.95
1.88079544725316	0.95
3.82373642491206	1
1.63696173906727	1
1.25501035907561	0.95
2.26530820148166	1
2.54930698632384	1
4.63548321610638	1
1.43050028157673	0.95
1.80429373405882	0.9
3.14472302775736	1
4.13543320396136	0.9
4.18369462627379	0.95
3.61965204829372	0.95
4.42248099706006	1
4.13602105621192	0.9
2.02929192496372	0.95
2.98308175357505	0.9
4.25721425084554	0.95
2.80077873274448	1
1.73797297301259	0.95
0.988739842484274	0.9
5.14568588376508	0.9
2.94043824147782	0.95
1.65168929514501	0.95
1.15089846379131	0.95
2.88395143279349	0.95
4.18168292505031	0.8
4.91149078170407	1
3.2034684736255	1
1.23447923121483	1
0.0790714325465416	0.95
1.86844192096273	0.95
2.91358286776745	0.95
2.86034474853318	0.95
2.8369483620566	0.95
2.00799597260567	0.9
1.14222936676243	1
1.98109407277838	0.85
2.16847556842335	0.9
3.00551329330812	0.95
3.10116341352839	1
3.57979429080223	0.85
3.99047591787029	0.95
2.99760071107197	0.95
2.64124848933391	0.9
3.55552393944953	0.95
1.20273525289617	0.9
1.20903719396545	0.95
3.61801815206794	0.9
2.6441908865673	1
0.000693949659251292	0.95
3.36600582825308	0.95
0.625810517140006	0.95
2.62190017693486	0.95
2.34002054278161	1
4.68572433074591	0.95
3.30701394970819	0.95
2.37786711557837	0.95
2.22850031167	0.9
2.74237137644224	0.95
2.63015557801903	1
4.77741527833414	1
4.486400713822	1
3.34434054817235	1
1.02031058573878	0.95
2.99239125118181	0.9
1.55902874939518	1
1.39410527964399	1
3.4472445023993	1
3.73693722406771	0.95
2.1562396662854	0.9
0.533960610217624	1
1.89498945031356	1
2.59591883492716	0.9
2.24493890589288	1
2.46499494550641	0.95
2.50366222927615	0.95
4.1487543462219	0.85
2.70955648648041	0.95
1.34211886218986	1
2.61198528011355	0.9
0.167039034088539	0.95
2.43297469662662	0.8
3.08806418612207	1
3.98380353691999	1
3.63069640274488	0.95
0.931422184643341	0.95
2.50263509375323	1
2.13827353524997	0.95
2.4516064012894	1
3.25089879595342	0.9
1.93698028072068	0.95
2.76814254996977	0.95
1.60769355419962	1
0.871627331079315	0.85
2.37990520454969	0.95
4.597227583088	0.95
2.57218339660212	1
0.383615071214644	1
4.49718760004263	0.85
2.12330861336551	0.95
2.58774357568107	0.95
3.57524061319203	0.95
2.59158792157726	1
3.31009952201566	0.95
4.1711957661936	1
2.89609905771647	0.95
2.54165193643322	1
3.44117693398817	0.95
3.89315823868718	1
4.07547983650231	0.9
2.42859122956762	0.95
2.58398648531237	1
2.61481356479358	1
6.29486594026124	0.95
2.37562180492266	1
1.90318706896955	0.95
1.31974585024475	0.9
5.42107342635325	0.9
2.76699773538474	1
4.21421970855815	0.95
2.33749661991561	0.85
0.171010640768585	0.9
2.66888407628521	0.9
3.34900408969313	0.95
3.80384501491326	1
3.48640031856634	0.95
0.994119694802105	1
1.86708201526602	1
1.57753566438996	1
2.38656163723668	0.9
3.39688444588982	0.95
2.23343559699962	1
1.86435987973219	0.9
2.92998559947257	0.9
3.94963936977655	0.9
2.13644735912125	0.9
1.41598172473374	1
2.62867240716276	0.9
1.96232249371651	0.95
2.3670369994365	1
1.80450698349433	1
2.14843817478526	1
1.8697606476822	1
2.60180474416249	1
2.82140928487719	1
4.85470957642725	0.9
3.99315890099439	0.9
0.615572148600351	0.9
3.3522873205232	0.95
1.61975761755438	0.95
1.49258929197341	1
3.29441408879701	0.9
3.44722490705544	0.9
1.51615606425063	0.85
3.03406892674465	0.95
3.0379800717118	1
2.43170372403425	0.8
4.44281010760099	1
1.05040356557765	1
0.790974052568211	0.9
2.05028732588005	0.95
6.94926907819716	1
2.74717693355722	1
1.78564852671103	1
3.08807373193616	1
0.625180920069501	0.95
3.09952005288477	0.95
1.43582793726563	1
3.29873151517516	0.9
3.11021876979219	1
2.10401673722219	0.95
4.48953480233112	0.9
0.868438248128615	0.9
4.02088734146126	0.9
0.0187282786382452	1
2.52097887545774	1
2.86106791998136	0.95
3.8091338083286	0.95
2.01051802973596	0.95
2.48700456867001	1
2.63952201741686	1
3.80674795770933	0.95
2.43444417062417	0.95
2.54770680804377	1
2.01756005440234	1
3.50980065081191	0.95
0.613575513754371	0.9
2.08836366308847	1
2.00868936009928	0.85
3.49671654808122	0.9
1.43027275917889	1
2.23875010114927	0.9
-0.368024181255959	0.9
3.53596128282688	0.95
0.98938692374158	1
1.81145314294841	0.95
1.76938916818015	1
2.27447683766651	0.9
-0.0414628005538451	0.9
1.46891626629341	1
5.46478183377381	0.95
3.76032041413318	0.95
1.75967751915928	0.95
3.96962337271138	1
1.26733194177494	0.9
1.04087139640569	1
1.93737406608876	0.95
0.762458360379649	1
3.6775025496026	0.95
3.73057200053827	0.95
1.36001332064777	1
3.24022299783638	1
2.48848649602493	0.9
3.04430291221187	0.85
0.904310916222288	0.95
2.99538446614335	0.95
1.79607410499707	0.9
2.8694061545495	0.95
3.45353894635092	0.85
0.822409747400631	1
0.0393821477609126	0.95
2.78196361681526	0.95
0.733196927804656	0.95
2.41897112488815	1
3.13346441810007	0.95
1.96375254097658	0.95
2.25350739100811	0.9
3.74340281580242	1
2.86210071970153	0.95
1.58019534646049	0.9
2.31979560188643	1
2.47317653548115	0.95
0.348317936195455	0.9
-0.0055596076870037	0.85
1.79040872916272	1
1.72004921974999	1
3.2329812649554	0.95
3.02113668757893	0.9
3.67692496322239	1
2.28900484168688	1
0.800573892462928	0.95
2.51552483335788	0.8
3.81541210724519	0.95
1.66652646824449	1
0.956255945199235	0.9
3.01065758781187	1
3.25332056951278	0.95
0.359570753385262	1
1.24789171018969	0.9
2.21383798238696	0.9
2.20704680245123	1
1.87750033153123	1
1.64434486692287	1
4.3874665339344	1
6.13007412680721	1
2.64110065032769	0.95
0.71636495713717	0.9
2.00913687277863	1
2.52879958949369	0.95
1.38131763516288	1
2.79259483221257	1
2.54254253289653	1
4.55455868912212	1
1.2956522015393	0.9
1.29641587310312	0.95
2.52279420858583	0.9
3.96089823294868	1
3.23494181405484	0.9
5.08611081020115	0.95
0.275148648343125	0.85
1.03363050253197	1
3.46062520929366	1
4.66332152149989	0.95
2.15625756000598	0.95
2.17976661350539	1
1.55254747420682	0.95
2.72763716900423	0.9
2.27418481080524	0.95
5.09265492920191	0.85
3.17957654470637	0.95
2.59856659491729	1
1.2373205530092	0.95
3.5261777643986	1
2.34041922939833	1
3.19736967980399	0.95
1.05946072315815	0.85
1.41114184405051	1
3.52947342903432	1
1.33605688822947	0.95
1.76368004473894	0.95
1.5777041899956	1
2.56006590846758	1
3.25048260985688	0.95
1.85724730871435	0.95
4.16763355092355	1
2.15508776153294	0.95
2.32927807861594	0.95
4.61739413320969	1
3.21368103190424	0.85
2.94282973236293	0.9
3.57721192170614	0.95
2.98050162103367	0.95
4.28738540055913	0.85
0.463036655315046	1
2.55060033687061	0.95
1.32685910272508	1
0.627111216788736	0.95
2.12999342600457	0.95
1.88406950444034	0.9
2.39596777405197	0.95
2.37298655393543	0.9
2.84348891134184	0.85
2.41472848530252	0.95
1.63454137184945	1
2.08884658650241	0.9
-0.320347770786102	0.9
3.69387140648899	1
4.1121427372521	1
3.42499377477264	1
2.5326290010606	0.85
0.369393116594126	0.95
3.72324343103666	0.95
3.88047488790658	0.85
3.9205496954656	1
3.04597286939524	0.95
1.73118016739479	1
3.04996336396667	0.95
3.69391460127426	0.95
3.24992727536883	0.95
4.51132099270151	0.95
4.00999548092824	0.9
3.71236403197665	0.95
4.21609491430651	1
3.96287551762308	0.9
0.73585131678324	0.9
2.41522976613449	1
2.44357636726646	0.95
1.38145488329619	1
5.02585825589654	0.9
2.79322933817327	0.9
4.60157536114322	1
2.03277308093832	0.95
1.21383995819621	0.95
2.24372865755258	0.9
3.66382310619723	1
1.71591737980864	1
2.83609262123994	0.9
4.52784370016381	1
2.29267758855392	0.9
3.66768418904919	1
2.58708014323134	0.95
2.18688858683756	1
1.04630316034161	1
2.76954382700726	0.8
3.27913468611374	0.95
2.61929708885645	0.95
1.32195418866976	0.9
2.98061550816309	0.95
2.04625892064543	1
1.32157385899946	0.85
3.63680944593984	1
2.78394967540603	0.95
2.37792540259352	0.95
4.0080849986246	1
1.87382725945656	1
4.18014176756301	0.85
4.97794018859866	0.9
1.62241591641244	0.95
1.55424044706476	0.95
1.44853202161205	1
3.3597137921826	0.95
2.84867587034435	0.95
1.28111711633063	0.9
3.0244701745787	0.95
5.12433504119791	1
1.28358266750602	1
2.23337755563134	0.95
2.45118664704628	1
1.90441156266222	1
1.74075463035534	1
4.39337326618698	1
1.64252238346334	1
-0.120163576354509	1
5.44329494651034	0.95
1.39497656258809	0.95
2.93669627257284	0.95
-0.169829771251891	0.8
3.16484860257173	0.95
-0.220136927046264	0.95
0.897372555767458	0.95
0.979920845649181	1
2.58810933489171	0.9
3.2080855552742	0.95
0.314330188997999	1
1.79269308091804	0.95
1.88992587055055	0.85
1.73656799600529	0.9
3.00317652620153	1
2.98204341296116	0.95
1.39405053066965	0.95
0.622833258846107	0.95
1.71686378649232	0.95
1.65530165399803	0.9
3.44660116227512	1
1.44712231794129	0.9
1.13330823064097	1
1.95069398441289	0.95
4.06503094158954	0.9
3.91907622019921	0.95
3.50597447887597	1
1.80543294460989	0.95
1.86291937795712	1
1.5802865545313	1
0.190907997642541	0.95
1.18009030328641	1
1.67171087132219	1
0.742223159395881	0.9
3.22771071806294	1
3.62897910025274	0.95
1.6669528266321	1
1.71503717262075	1
-0.377259837791425	0.75
4.43762278906078	0.85
5.94572851685705	1
3.13705939227556	0.85
4.00121016904531	0.9
0.114417418478502	1
1.8060963541845	0.95
2.37038899254019	0.95
3.76331030000054	0.9
0.15282262625549	0.85
2.73226528312053	1
2.36044754809266	0.95
2.93448812805724	0.85
3.41475856342343	0.9
1.28886780956798	1
2.4938386730113	1
1.90011093703451	0.9
1.01726823441238	1
4.12268706001116	0.95
3.07291019939864	0.95
3.19492242084625	0.95
3.99207599527243	1
1.34241965482405	1
3.17309790481782	0.85
3.38959506621669	1
0.808958641117379	1
3.46964443486641	0.9
2.61138386764725	1
2.30095441702772	1
1.48694022258775	1
2.33639934554081	1
3.48046522318987	0.9
2.83317648594602	0.95
0.572515995261048	0.95
3.07991528573737	1
1.2859234461102	0.9
1.14632871065644	1
3.60584447025934	1
2.92563232693886	1
1.4249163386889	0.95
4.84745634464424	0.9
3.11711177406882	0.9
3.55468529947896	0.85
2.71505709098037	1
2.50778773724128	0.9
3.91364803343504	0.95
1.46197993138178	0.95
0.972024925409936	1
3.83150558434153	1
2.84481706306403	0.9
1.18644475891024	1
3.05941515232115	0.95
3.05119171079499	0.95
2.10067643188148	0.85
2.31393202561485	1
3.59097373039997	1
1.80643269471941	0.85
4.9100009014461	1
4.42396684842952	0.95
2.28226337050992	0.95
1.27611440572602	1
2.74575356667487	1
2.63795215167131	1
2.98417822736398	1
2.4179074747834	0.9
3.29320642752493	0.95
3.09045530621933	0.9
2.46163050885056	0.95
-1.77410449761437	0.6
4.68481965158342	0.9
0.955828833309696	0.95
2.51997492893837	0.95
0.739585605126237	0.95
3.43676988884823	1
2.11196206589503	0.9
1.48438314454694	1
2.52151082586008	0.9
3.96603565835663	1
1.35493824562456	0.95
4.96263418236746	0.9
3.23037969504754	0.85
3.41230883567306	1
3.81373929941657	1
2.30519970840824	0.95
1.73177652522458	1
0.264290318409758	0.95
3.12551089962293	0.85
3.26667246920775	1
3.32417372313936	1
3.00672650144244	0.95
2.44222469844532	0.95
1.04933082920079	1
2.32430160489129	0.95
2.65844460242782	1
0.950765450207257	1
4.88761299177446	0.95
1.59426372892908	0.95
2.88978297417956	0.9
0.898031137015644	0.95
2.44115625223567	1
2.93741787204775	0.95
1.7981214336805	0.95
3.94253909357754	0.85
2.5820836009082	0.95
0.982844855367681	0.9
2.67521004473487	0.9
1.96076108411281	0.9
-1.19576355248429	0.6
2.32002966522274	0.95
2.40632652130741	0.95
2.07161335998302	0.95
1.15526512397046	0.95
1.2891862202099	1
-0.644429601883707	0.9
1.66855532378361	0.95
0.535538968960024	0.9
1.32498121950921	0.9
0.244193463925226	0.95
1.48925185899269	0.95
2.18796416368036	1
2.5783431784696	0.95
2.32663464735426	0.85
2.72649450853136	0.9
1.90748585961499	0.9
3.628613743528	0.9
2.21450938721978	1
2.9788003862817	0.95
1.16070593449429	1
2.44880796945976	0.95
1.7526418366398	0.95
1.84078105844974	0.9
3.6982244924277	0.95
3.25171650338682	0.95
3.56504397936543	0.85
-0.452640201927187	0.85
0.786667153374033	0.9
2.042823307029	0.95
3.29286781844644	0.95
1.05828087905026	0.95
1.58327886668937	1
0.379230721719759	0.95
2.325495855602	0.95
2.25456213956236	0.95
1.43102680805289	1
0.938902339755237	0.95
4.49570842208274	0.9
5.05806805624485	1
3.02838828902311	1
1.56656803174817	1
1.84345546211927	1
-0.51680192493625	0.8
-0.175767842766211	0.95
2.71252024842255	0.9
3.8128426372353	0.95
3.13400371147195	0.95
3.58144337391079	0.9
3.6556355502253	1
2.90026667670707	0.95
2.48915850325991	0.95
1.52040753538351	0.9
1.79386757080322	0.95
1.29112135598352	1
3.30076737250659	1
3.26589418807875	0.9
-0.498082702337727	0.9
2.41982191044867	0.95
3.87938676085363	0.95
4.77380031809943	1
1.61794008002614	1
3.52611188442174	0.95
1.54200453461629	1
2.03189876320621	1
4.63383508408284	0.9
0.277950029520405	0.95
2.75955430402171	0.9
-0.779185629191649	0.75
0.593622976558692	1
3.62701505712058	1
2.62178145148863	0.9
4.2124765876232	1
3.71448111665571	1
3.18557249129616	0.95
2.92126386756557	0.95
1.73160045414004	0.8
3.37062418002541	1
1.40076681527426	1
3.32769734391661	1
2.98644041175699	0.95
1.636278868858	0.9
3.11085240054938	1
0.728421215400445	0.95
2.97576978851282	0.95
1.99999168480485	0.95
5.01073970496511	0.95
2.88063153752092	0.95
0.90540655010974	0.95
2.58868460828875	0.9
2.66149083083095	1
2.70339189998551	0.95
2.22128417345932	0.95
1.63001369078431	0.9
3.07821652676541	0.95
4.42012914433538	1
2.68119395414381	0.85
0.922824630845836	1
2.70750292200314	0.9
2.83869712527802	0.95
2.51873580828365	0.95
1.23887774967286	0.95
0.464679017650734	0.95
2.58485056471691	1
4.39513221439501	1
2.10439739132818	1
2.75721167087328	0.95
1.36837762193507	1
3.37227675478941	0.95
2.26377183938583	0.95
2.85353594875184	0.9
2.5121394110739	1
1.48015953834147	1
4.57768300184659	0.95
2.07988755643501	0.95
0.701339879596478	1
3.03975768271271	1
2.08624316302193	1
2.22254279627127	0.95
3.78486060226904	0.95
1.24054881393449	1
3.24225582197319	0.85
0.848094707089522	1
1.30645488376515	0.8
1.9153160326335	0.9
4.24618840797571	0.9
3.4705586138301	1
2.69203485823306	0.9
3.5398344272929	1
2.94310851432405	1
5.16370460856831	0.95
2.66569448351021	0.95
4.61873267805764	1
0.224767842682974	1
1.67878420618967	1
2.62871150173943	0.9
3.80661871298375	0.95
0.988249470467024	1
0.492372738546819	0.95
1.93944206156463	0.95
3.99244767261156	0.9
1.11404165007377	1
3.36729686820987	0.9
3.66888291359762	0.95
3.73062122747314	0.95
2.87113025772591	0.95
1.67735413724358	0.95
1.70453394732097	1
0.746397042371603	0.95
2.30680325095878	0.9
3.51233961060974	0.8
2.70791523803743	1
2.93337185412576	1
2.34823254076387	1
5.91397596836002	0.95
1.58562697497781	0.95
3.25929744393844	0.95
0.23198134137408	0.95
3.97852837428491	1
0.861987941842725	1
0.778617870108319	1
2.58870864384617	0.9
1.84932861155469	0.85
1.50571820881584	1
1.28944758529798	1
-0.508844008239187	0.95
4.88712555412086	0.9
1.2346904104431	1
1.93979227172999	0.95
3.1866176239109	0.95
2.07019176047276	0.9
1.46272906920152	1
2.20618629393471	1
1.90711779812742	1
2.80134661410679	0.75
3.93518893335943	0.95
2.42758722692889	0.85
2.99249401887251	0.95
3.41660571860126	0.95
2.39923102167413	1
3.68214965035748	0.95
3.38648978537835	0.9
2.62754134225773	1
4.13439259505504	0.95
3.35368637188538	1
3.12760883027412	1
1.50578135096669	0.95
2.14449599917775	0.85
1.4256149435038	1
2.33066672800368	1
5.22188279877585	0.9
3.55527952516012	0.9
3.58402697180698	1
1.86381680089114	1
3.67745552989427	1
2.82338871803764	1
2.83624776471063	0.95
2.3237923410015	0.9
2.64362346976193	0.8
0.815765739535784	1
2.07164142346458	1
1.11010267681742	0.95
2.81074327170177	0.9
3.75384457034247	1
1.35154314469015	1
4.32610952028732	1
1.91438732400209	0.95
3.74069245284554	0.95
0.060926272852226	0.85
2.96269632316665	0.95
4.64852427398034	0.95
1.29283725130774	0.9
3.81638484173225	0.95
2.7740186470681	0.9
1.78002883523372	0.95
2.27136140737755	0.95
4.19299871752957	1
3.03579393537658	0.9
4.94475742975084	1
1.93906793381856	0.95
4.02954736779975	0.95
2.50071003291937	0.95
5.37452015645819	1
1.51694288010157	1
1.03527074927519	0.95
1.85830195575878	1
2.50559459878338	0.95
3.67751829050672	1
2.59522102061236	0.95
1.85403532999992	1
3.62536030975843	1
1.32686327241156	1
1.95827009496976	1
3.52465139639545	1
2.00131758441976	1
1.41623573357092	1
2.98823495451962	0.95
2.33624518375662	0.95
4.77794548056139	1
4.47999899270204	1
2.52331600355652	0.95
0.753811002243988	0.95
2.99392966679151	0.95
2.29220859320988	0.9
1.1587938717882	0.9
1.33923479836689	0.95
3.29578794402156	1
2.75642620497345	0.9
3.55179466885581	1
2.11058207655192	0.95
-0.0764399791079065	1
0.908797341321095	0.9
2.93711304070396	0.9
1.37735312470245	0.9
2.25868721725857	0.95
1.37134687286857	1
3.44880297881797	0.95
2.42873540504516	0.95
2.52097262294366	0.9
-0.861461256096425	0.85
2.85055019825864	1
3.48673309543646	1
2.40877037034541	1
2.66291614977147	0.95
2.70085652747579	0.9
2.93044940308157	0.95
4.05454839657774	0.95
4.21063351380252	0.9
3.86369507929734	0.95
1.54468563762504	1
2.66818190646616	1
3.22578843645807	0.9
4.6929392695348	0.95
3.88523796949275	0.95
3.73206911606096	1
4.39313433697156	0.9
3.43387062155447	1
2.78743994454798	0.8
-0.530734039578327	1
4.00357461278795	0.85
4.29178899093207	0.95
1.72530010571482	1
2.29131764954427	1
3.16954257110995	0.95
1.45824889565706	0.95
1.81078847328424	1
2.50611784384842	1
0.749022758689018	1
2.42054100394233	0.95
1.36166054134327	1
0.842071284006506	1
1.83897996480458	0.95
2.47154220137139	1
2.81073582096984	0.85
2.663502246825	1
3.51152768090825	1
5.188078960521	0.9
1.85604947533619	0.95
3.33203077587175	0.9
3.79672795735422	0.85
1.69990747577448	1
1.90004291548429	0.9
2.64379297332363	0.9
3.92504234246867	0.85
4.54534699084608	0.95
1.69169612313478	0.95
3.32882719739853	0.9
0.666039238109539	0.85
0.407643823515152	1
3.70602715746493	0.95
3.74251483382243	0.9
3.51614219379537	1
0.98295965780959	1
2.84378157807747	1
2.044715401291	0.9
2.01269448389389	0.95
1.68942127189528	0.95
2.2021709053914	0.95
4.48203103930711	0.95
1.58312221907542	0.95
2.90909994888947	0.95
4.23671493830246	1
-1.22966642796925	0.8
3.33316591746352	1
1.95942251115707	1
2.37408582965022	0.95
1.33346096068911	0.95
0.413591298996023	0.95
-0.121746849917745	1
1.01255379365228	0.95
1.37442215720347	1
1.28622875845031	0.95
3.35286462368012	1
2.21222018497782	1
1.96024902921105	1
2.81815354720366	1
1.54344631906653	1
4.23082630517267	0.95
1.70368990671064	1
1.20027376989541	0.9
2.9574805826877	1
0.930422654676456	1
3.81745786278338	0.95
4.21161994752439	0.95
3.23615426375402	0.9
2.53009911836739	0.95
0.910740789790166	1
2.78451251157916	0.95
1.45570170262846	1
3.21190696138562	0.85
3.77149121539558	0.9
2.32707295356035	1
0.435658577432064	1
1.43585437240909	1
2.07738772369387	0.85
3.57148006738875	0.95
2.30935520142048	0.75
3.20047083587981	0.95
3.48583287361863	0.95
1.66699691067812	0.85
2.65427361033253	0.9
1.19609480019703	1
2.70507868331661	0.9
3.59846250299119	0.9
4.71732784059636	1
1.99785620300985	0.95
-0.115195043472088	0.9
1.24906394390207	1
3.49702203753278	0.95
3.51138785418574	1
2.28903905313726	0.9
1.24983699634599	0.95
5.03099033943571	0.95
2.52306327968179	0.9
1.58545575887585	1
3.19032892038287	0.9
1.1606046794906	1
1.40566195368147	1
3.13675842332583	0.9
5.24287501156069	0.9
2.72120334182781	1
4.82713395626807	0.95
4.59152628283077	1
1.35002266379301	0.95
3.30799060549046	0.95
1.66621203322539	0.95
5.24903760874122	0.95
3.75272492813168	0.9
1.67690416372842	1
3.1107314550695	1
0.80893737167311	1
1.55871997899375	1
6.77130982500602	0.95
3.26072572290271	0.95
3.11737427221301	0.95
3.45327627815983	0.85
3.70356563279269	0.95
3.20192154605749	0.95
2.41022451793408	1
2.55184788710493	0.95
1.58415676680763	1
4.97402748694267	0.95
3.34450953014095	1
3.45827291108623	0.95
3.19407523788154	1
1.61250950551628	1
1.70084830667715	0.95
3.85174489993314	1
1.31545826737633	0.95
0.985328774031964	0.95
1.45678192005568	1
3.59593105219173	0.9
3.4484666000348	0.8
1.94184000224132	1
1.75223294869396	1
3.63541219333203	0.8
3.64893548834306	1
4.53898968610081	0.95
0.266755505069349	0.95
2.46039216141902	0.95
5.74569778837288	0.95
3.05128275652556	0.95
2.02382922699757	1
4.0195008664327	0.9
1.97186903526184	0.85
2.98840429764667	0.9
1.63313356393925	1
3.08234597281569	0.9
1.50885139205794	0.9
2.54071247613606	0.95
4.03367180186113	0.95
1.93434197144317	0.95
4.02696739167481	0.95
3.78363220248942	0.9
2.73690359768345	1
2.48963384265915	0.95
1.70481167457259	0.95
3.13621095159772	0.9
3.13398822680638	1
0.656699628031958	0.9
3.11582697247385	0.95
4.52489093360524	0.95
1.84251115720505	0.85
3.79619531563948	0.95
3.23030925137006	0.9
5.40392070701825	1
0.659009778222909	0.95
2.94047983800757	0.95
1.91692740589616	1
0.562231440696638	0.95
4.43804688787512	0.95
1.97946845087303	1
2.80525600007946	0.8
1.50696504480371	1
1.69451658164773	0.95
3.43451171371426	1
0.40059853895732	0.95
3.04209557822704	1
4.62732825384128	1
0.544865712465349	1
2.18437211060916	0.9
0.83048112426079	1
0.370494635145874	0.95
5.15046826722725	0.9
2.6762211050993	1
4.52986871335385	0.95
1.71276769649449	0.95
4.75821051721767	0.95
2.66768057197191	1
3.51184968947913	1
1.87089509110017	1
2.58319085710803	1
1.02088306565854	0.95
1.48203095175325	0.9
2.16583661351165	0.9
3.11107772482709	1
2.19053554508386	0.9
2.99171609239369	0.95
3.05001129574222	1
1.77542374392012	0.85
1.32689741018613	0.95
2.00873522770599	0.9
1.86462094828563	1
2.80249098882974	0.85
1.26845205717399	1
2.71175107683744	1
2.09925806893718	0.95
3.35659662828313	0.9
0.785158004902947	1
0.160906740976866	0.95
1.85054927501786	1
4.55824487917179	0.95
1.93847832347593	0.95
-0.531793870959955	0.85
4.04211380755138	0.95
1.03038457707933	1
3.07500822925283	0.95
0.983556014899154	0.85
1.99936085543875	1
2.35411772055757	1
-0.301116161429657	1
2.98869361670678	0.9
2.59297463864875	0.9
4.29960428812263	0.9
2.87482934032057	0.95
2.07796743309283	0.9
2.68931276313038	0.95
2.40573730806055	1
4.62030495838971	0.95
0.970994012497187	0.9
3.54086388550853	0.9
2.67143276100001	0.9
4.01606555979311	1
2.09986699834593	0.95
1.29350200775358	0.9
1.62651450647993	1
2.01150674901282	0.9
1.5015253869448	0.95
2.98816360001051	1
2.17639084570422	0.95
1.22055966348421	1
2.52979770045907	0.9
1.15055300928085	1
2.55921343442098	0.95
2.55021658865284	0.95
1.33251022647341	0.8
2.06484453191211	1
3.6965368250107	1
4.02203152385296	1
0.797739378400858	1
2.77602391020547	0.95
-0.11941902000421	0.9
1.6757879403389	1
4.9365674807711	1
2.94386060049656	0.95
2.59393453769206	0.95
4.36493590595429	0.9
3.79608411018925	1
3.38306794369175	1
4.04953084909832	1
1.61476941201957	0.95
1.32939676767098	1
2.72742926118958	0.9
1.16779466456974	1
1.52874685653001	0.9
2.77516093843476	0.9
1.62923053431992	1
3.658509013189	0.95
1.09582333685516	1
2.02093801359937	1
0.469975098717187	0.9
2.91242840841084	0.85
3.55441822302262	1
2.76206358618883	0.85
5.29847294427214	0.95
2.29918114132913	0.95
2.87019010383654	1
3.39155825864437	0.95
3.10110851907107	0.9
2.19317818555015	1
2.00929619873722	1
0.389210208323639	1
0.659430863011774	0.95
1.66531520384645	0.95
4.7216489274579	0.85
2.30710526113246	1
2.18551644340305	1
2.94994371892426	0.9
1.99118051791843	1
2.97139151026917	0.95
2.31677852211229	0.95
2.68664188042763	0.95
2.42413546074033	1
0.835279188526825	1
4.73216999605186	0.95
1.68419094406929	1
3.76294026766624	0.95
3.35272733933547	0.95
2.5678801413549	0.95
2.43485856349522	1
4.94652818428722	0.95
3.32831199242441	0.9
2.69136348423357	0.95
2.79595942275115	1
-0.258543635345541	0.9
2.99763459515023	0.95
3.20125517214996	0.9
2.68474582317049	1
3.62573560186748	0.95
-0.437827929852302	0.85
1.31011032113259	1
2.68035470217313	0.8
1.89591898836448	1
2.97204654412632	0.9
3.86735097096205	0.95
3.0630390884545	1
1.77207131453153	0.95
4.96768655468922	1
5.39053821282301	0.9
3.20280044295283	0.95
2.74017148188664	0.9
2.44271625991417	0.9
3.49981949341217	1
1.70080461989239	1
1.42179298502342	1
2.81313214689536	0.9
2.56058102109081	1
1.06385528306782	0.95
1.2001106599902	1
2.55375610798957	0.95
1.59812905402812	0.95
1.2576926174707	0.9
2.13645198367464	0.9
2.29784693194788	0.85
-0.588526811889994	0.8
1.20601431791315	0.95
4.27940555040576	1
2.62901288231311	1
0.442282120851328	1
2.64434456581259	0.95
2.55387441610385	0.95
0.113622780302868	0.95
3.13790301166547	0.95
4.18594216439056	0.75
3.89119929767788	0.95
1.35990056344112	0.95
1.69162140442972	0.95
2.86784206737781	1
1.04357341701628	0.95
3.06927179512941	1
0.935485298414922	1
1.82815299283053	1
1.75868444155277	1
2.2762960764907	0.9
2.81925454000107	0.9
3.98661094922846	0.95
4.04732727238665	0.8
2.33533051144896	0.95
2.81833701160084	1
1.23607498092806	1
3.28389661066972	1
0.998985494079006	1
0.561158740954403	0.95
3.66520312636175	0.95
3.25205937011335	0.9
3.85315600926313	0.9
0.770141959686031	1
4.97233005168988	0.95
3.14131020366846	1
2.03201358840441	0.9
2.18312249363873	1
3.27561415836521	0.95
1.09872238562053	1
3.46471200433727	1
3.83890162334602	1
1.31924303561029	1
2.26663868232549	0.95
3.55531878617197	0.95
2.28770926951417	0.95
1.834662854898	0.95
3.92992565932196	0.95
2.67746480026714	1
2.5084485449161	0.95
1.65372134940191	0.95
1.31187964080418	0.95
1.17630780004528	1
1.23965903962646	0.9
3.90740720767433	1
4.90311286998126	0.95
0.306570234036227	0.95
3.19035391684346	0.9
-0.107187998427755	0.9
1.37562821214695	1
1.52442044789082	0.9
2.3869091556932	0.85
4.19290256673012	0.9
2.90743955484815	1
1.76401985203709	0.95
5.36439907754038	0.95
2.80131020275722	0.95
1.36337257108619	0.95
2.24428029541981	1
2.86410633461569	0.9
2.61229457556516	0.95
2.30548950741546	0.85
2.85470566712952	0.95
2.71927302978355	1
1.00921472739648	1
4.00396396578956	0.95
2.3185705177624	0.95
1.80206114946166	0.9
2.17329805905096	0.9
3.61167539517632	0.95
1.81947029905346	0.95
1.92105134191954	0.95
2.7225712326345	1
5.52031221049509	1
4.36839680069224	0.9
2.97962987525855	1
3.42997084275172	0.95
4.95051807077937	1
2.86677244560597	0.95
-0.932632025570996	0.9
2.55348684757859	1
3.35549358929342	0.9
4.01376540409478	0.9
1.40196557703381	0.9
-0.228672266112041	0.9
3.23584040946736	0.95
5.17459369073159	0.95
2.77084945710091	0.9
1.90908832139877	1
2.06029402650391	0.95
0.805243003807236	1
4.11298967231691	0.95
3.81058896135747	1
1.17686523453371	1
2.27228985710405	0.85
0.32099297307754	1
0.132338160059418	0.95
5.69483565928423	1
0.150485204239271	1
4.60536911610059	0.9
2.06863175663754	0.95
3.75355232061007	0.95
2.75209379660659	1
3.60233153960807	0.95
4.26240074116864	0.95
3.371395976876	0.9
1.99399891979658	1
0.0887630182679269	0.9
2.45025869595695	1
1.93596076087793	0.95
2.44995997583764	0.95
2.14249911633558	0.95
1.59200647090712	0.9
4.18119122397641	0.95
1.01198604824278	0.9
4.16738758054342	0.9
6.14532602850442	0.9
3.09986892470885	0.95
1.05495744145857	1
2.65338724078537	0.9
3.96084818263553	0.9
-0.21981391369452	0.9
4.3716770367851	0.95
1.21227413121406	1
3.40562365220228	1
3.17207425390374	0.95
-0.236809307434089	0.85
4.83012391818391	0.95
3.31861917927363	0.95
0.869799581720696	0.95
2.66921813857659	0.95
2.76175374909805	1
0.913525416369692	0.9
1.38947572218074	0.95
0.658396532512544	1
2.16863511991018	0.95
1.13269448079733	0.95
1.82050158688908	1
0.525282436555055	1
4.23710677584043	1
3.63352454141359	1
1.90103506907206	1
3.72294221598481	0.9
3.61783458526366	1
1.74153746401896	0.9
0.933630518807958	0.95
0.612470884595135	1
2.07486434385626	1
2.23193993056849	0.9
2.48550475409329	0.95
2.41494185313338	1
2.69302315262523	0.95
5.44196986952565	0.9
3.42094044506388	0.9
3.08028777099274	0.9
1.47020246891585	0.95
1.15709116161766	0.9
3.66962893500574	0.85
2.28257809560019	1
2.68139970023221	0.95
0.744702941792753	0.9
0.0956212218352666	1
3.74135943489431	1
2.98287146492051	1
0.702586270883069	0.95
3.5261076069137	0.95
4.34101762790498	0.9
2.98663477184573	1
2.53712610435684	1
1.56479194213337	0.95
2.61408430813478	0.95
0.491978054404863	1
3.13467841704611	0.95
2.36605590888367	0.95
2.48067982060661	0.95
0.504162919205321	0.95
2.40711617291285	1
1.04703214976574	1
3.97747458341292	0.9
1.46244776319845	0.95
1.164296166905	1
3.63183862320326	1
2.17299464923725	0.85
1.79504629898099	0.95
2.49857607084959	0.85
3.68933820331408	0.95
1.26483664435266	0.9
1.29217671257713	1
4.31317514367909	0.9
2.20333505176656	0.95
1.03088553905841	0.9
3.60200167682993	0.95
3.56268262008344	1
2.98771801151196	0.95
2.2873142630386	0.9
1.88092363694494	1
1.45049208385956	1
1.71435423113661	1
3.57807504486225	1
1.78093680802695	1
0.777305400156296	0.95
3.30670853321142	1
3.24336281617434	0.9
1.80799938953146	1
2.54861927001213	0.85
1.32471964362404	1
1.16203647488404	1
1.19791179547355	0.95
3.02531820284767	0.9
1.84922869742941	1
2.45577512908381	0.9
2.35824273654527	0.95
2.2972237777895	0.95
2.02573579100716	0.95
1.95703284849486	0.9
0.984880257627091	0.95
1.81213971308191	1
2.05566359399966	1
1.78739958687947	1
3.77836848038179	1
3.66976227515772	1
1.19701481870565	1
1.70393876809025	0.95
4.28943834468084	0.9
3.94341162396473	0.95
3.97968101951616	0.9
3.19405571677176	1
5.41100468109877	0.9
2.37757017182043	0.95
2.59489841220894	0.95
1.88950683213003	1
0.143685468284569	0.95
1.84488379158811	0.95
0.00518075827241438	0.9
2.40774266407904	1
4.68404485997935	0.9
7.07918282422832	1
0.216084570634982	1
3.02698567252914	0.85
3.72164816390724	0.9
1.92180652089025	0.95
3.92701165952922	0.95
2.931397638682	0.95
2.43836853735196	1
3.37008059242078	1
2.73415998307554	0.95
0.677434126840209	0.95
3.9404073870169	1
3.49590675147957	1
0.766503536428218	1
1.92071083786095	0.9
0.397455288009618	0.9
1.87696584146067	1
2.04339065355167	0.95
5.57998475749115	0.95
2.11662262891757	1
2.05904542343912	1
2.37606347363261	1
2.57835845674468	0.95
0.37401323739939	1
2.76236666529287	1
0.41304992108784	0.95
3.66300850748023	0.9
1.10415497228919	0.95
4.12504317888685	0.95
2.5229888361486	0.9
4.59044198587159	1
1.72043586887919	1
2.8512359301869	1
1.22084875538207	0.95
2.92536399388209	0.95
2.10985353084829	0.95
3.46923625828068	0.95
1.40765350297606	0.95
1.32961399642175	1
2.71002416834812	0.85
3.07292930118358	1
1.19651316072078	1
2.53520300897721	0.9
3.28289457332108	0.9
1.90152264916018	1
2.84676150492362	1
2.46858987973859	0.95
-0.380623428862025	0.95
3.83187349823211	0.9
2.50587159054442	1
1.47834028255014	0.95
3.05847816071746	1
5.0010591598644	0.95
3.053389933665	0.95
2.10702459442717	0.95
2.44411737076286	0.95
3.77838643759575	1
0.0823531594496845	0.95
3.36689986601525	0.95
3.88455855610646	1
4.91932082837468	1
1.39161243881572	0.9
2.6658016581731	1
1.67452232161555	1
4.42105310002345	0.95
3.47351897782688	0.95
4.37811846965229	0.9
3.0377705424966	0.95
1.69817318863805	0.9
1.4771955927439	0.95
3.7279011429869	0.8
3.26168645107061	1
5.78681037555176	1
2.52485070209114	0.9
4.61050615835094	0.95
3.2287571587288	0.9
3.08411020156925	0.95
4.49443137390321	0.85
2.93316716312649	1
3.40082725861733	1
3.80469879596557	0.95
1.51342970766548	0.95
4.49848278150232	0.95
-0.351368944661208	0.9
2.58231896954917	1
1.63731759675696	0.95
2.59958542547403	0.9
3.62683285300347	0.85
0.453613824018758	0.95
0.662182161895792	0.9
1.9613614873967	0.95
2.81307389182277	1
2.11051883645506	1
1.84816978000548	0.75
1.39128998423687	0.95
3.14690819525277	0.9
0.758408338447353	0.95
3.21246534726826	1
1.51323192434079	0.95
3.50412882774661	0.95
2.22932783743377	1
1.00502270745549	0.9
2.3779681255728	0.9
2.7123441101094	0.9
4.67855571159515	1
0.794925576427397	1
1.12598302657437	0.9
3.95876400244734	0.95
4.9707118532876	0.9
1.99862048771279	1
4.51597783069597	1
0.616779728869552	1
3.20404368573356	0.95
1.81327899533961	1
2.37767471754427	0.9
2.30635524646487	0.8
2.02181090526671	0.95
2.63008267299555	0.95
4.36668814035047	0.9
1.09715896376913	1
2.52157691177813	0.95
3.17916360164571	1
2.35751818362666	0.95
-0.210353024753564	0.95
2.82469429169873	1
4.13979562931861	1
1.77193981145621	0.95
3.49718650803087	1
3.94260856197887	0.95
2.7479917118864	0.95
2.28763034030998	1
4.54036597800684	0.95
1.92118848205863	0.95
3.53628793721689	0.95
2.52757889755405	1
3.84517228736849	0.95
3.07464133687798	1
3.18272020234735	1
0.434383647506545	0.95
4.43428478226565	1
1.60556299106438	1
3.55814251641674	1
2.26194415187913	1
0.845361863318479	1
2.30735590756713	0.95
4.10664106296741	0.95
1.58878914604142	0.9
5.13389175048062	0.95
3.33135730673709	1
1.3857121844998	0.9
1.08781142168242	1
2.06478778355216	0.95
0.321357296158174	0.95
1.07522913112553	1
2.23008395893347	1
2.40220972415146	1
1.21241020438184	0.95
2.21514036489481	1
3.13925848982647	1
2.83212873813937	0.95
2.8282415642973	0.95
3.21921566579623	0.95
1.57310221720628	1
2.95893333741226	0.95
3.85907422579653	0.95
2.41750676807938	0.95
3.43761816359396	0.95
2.2223172212496	1
1.54799081786722	0.95
4.19954404507021	1
3.64199344442159	0.95
1.87341391397142	0.95
1.87984306429431	0.95
1.35096126687768	0.9
2.40049634483331	1
2.36890477861295	0.95
4.91176557387338	1
3.13502496144072	1
1.04641303698958	0.9
1.5714157395088	1
2.17382721286631	0.95
1.69035797020657	1
2.04065951819313	0.95
2.71113275294283	0.95
1.95160530086438	0.95
3.98881783698834	1
0.682078771676372	0.95
4.59096389937778	1
4.27271807081933	0.9
5.17640106282908	0.95
3.1658125063349	0.95
2.88445505041136	0.95
2.52294328400557	0.95
3.72915939900102	1
0.654170530546363	0.95
3.75541178703495	0.95
3.00174571734985	0.9
3.10813179942015	0.95
2.04165818171397	0.95
4.42699150126903	1
0.842596520185486	0.9
2.61303444439484	1
3.37757057577115	1
1.61969373050046	0.95
2.67290295185361	0.95
2.66398866905528	0.95
0.257358889361533	0.85
2.62729875504487	1
3.0571289154934	1
3.67764470271128	1
2.90463855505493	0.95
2.39566288930373	1
2.887463679965	0.9
4.75105981842435	0.95
2.91574594322778	1
2.30956932838519	0.95
0.910090750645819	1
2.14100920133704	0.9
3.75489344843749	1
0.786497983359065	1
2.89341109659186	0.95
0.900216815714631	0.9
2.56021493962809	0.95
0.895427829084387	0.95
-0.0162132952449396	0.9
0.817555698398172	1
0.853778680519077	1
2.25324040536446	0.9
-0.58447184615584	0.8
2.66503304466846	0.95
2.35383291409078	1
2.41353388684301	0.95
2.46851653464722	1
2.24020522831157	1
1.57347005037699	0.95
3.0573499670632	0.9
2.82476202799786	0.95
3.65175950639096	0.95
-0.485598616120181	0.95
2.33244719762616	1
1.04403573915773	0.95
4.11956711113215	1
0.692321023985776	1
4.73335191577679	1
-0.671981321821739	0.85
2.54869457354575	1
0.792713724995583	0.95
1.10006721018736	1
1.10623674975933	1
5.01115507919623	0.9
1.99867910109084	1
2.70610858972484	0.9
1.62922484614957	1
4.97800462189194	0.95
3.72401165266387	1
2.55468830069443	0.95
5.22921788320841	1
2.59449777519514	0.9
0.401095825481712	1
1.4476885455	0.95
1.67329035938954	0.95
4.63880404073708	0.95
-0.265672777408046	1
2.20660815036566	1
2.92688019502714	0.95
3.8334419178518	0.95
1.41316498780022	0.9
4.0183856021637	0.9
2.13945127965448	1
2.09102425360923	0.85
1.29620383791909	0.9
3.70269856561301	0.95
3.39846004898965	0.9
2.60431176597148	0.9
3.78101162666268	0.95
2.92748100035605	0.95
-0.0732915933636447	1
2.14242797133822	0.95
3.13648418965099	0.9
1.83467523133296	0.85
3.18170884694467	1
4.80426158812184	1
2.32508941568418	0.95
1.91902374373119	0.95
2.61004143864221	0.95
4.58325440528968	0.9
2.40757261953021	0.95
3.20357369381182	0.95
1.69831700210578	0.9
1.9169763439136	1
2.17793834488083	0.95
0.198651367287989	0.85
2.0852417253303	0.95
3.40530724176417	0.95
1.21217326402954	0.95
2.69611650536382	1
2.19405727411197	0.9
1.71994997526907	0.95
1.6362420817535	1
3.26628582584122	1
0.181907693395939	0.95
2.85596280772671	0.95
3.19325864654511	0.95
2.67577336776354	0.95
0.773430409492416	1
2.2433404065745	1
1.98442565387489	0.85
2.14449105318302	0.9
5.18116144513623	0.95
2.00355798144291	0.95
2.13523064555625	1
3.83572706482892	0.95
4.56675353398616	0.95
0.0291248956427852	0.95
3.82101612852518	1
1.50556134925439	0.95
3.2235579682607	0.9
2.96215400522778	1
1.27988570677649	0.85
0.440459875906927	1
4.91583878957784	1
1.68912889103307	0.9
1.85177096010633	1
4.42237760142731	1
1.08710647009568	0.9
4.74389454544566	1
1.61933019692194	1
3.79896918654467	0.95
3.25047422274245	1
2.88007132948547	0.85
3.42095792985565	1
2.36652293175866	1
1.27963126031038	0.85
4.46736872033426	1
3.97724676374707	0.95
0.451698875689313	0.95
0.984268867373095	1
1.84236857494376	1
2.30904549642038	0.95
3.45970007658486	0.85
2.33316910748218	0.95
3.49126371414245	0.95
3.67857424447593	0.95
3.56474228868652	1
1.46751062526611	1
1.78763799439185	0.95
2.52050510597256	0.95
1.74072230182072	0.9
1.27618625898783	0.95
2.33545364845833	1
3.18720631852361	0.95
2.19903890845916	0.95
2.40039727515597	0.95
1.80357157811612	0.95
4.25566067676905	1
0.665604761102612	1
3.092121540549	1
1.87083588250516	0.9
1.07525055745956	1
1.47220889871291	0.95
2.71690413061182	0.95
3.62352931805253	0.95
4.76790134231495	1
2.31498114693366	0.95
2.85814126545059	0.9
3.34902887935995	0.95
1.8472191726481	0.95
1.78791849904156	1
2.90355838213662	1
4.44984105928432	1
3.50647438647049	0.95
2.60397854018438	0.95
3.55704531503551	0.9
3.96787007407679	0.95
2.00011624512548	1
3.1920697389315	0.9
2.61767434964317	0.95
0.00613366500656598	1
1.52642959324016	0.95
4.23071835401763	1
1.70821387469344	0.95
3.82248773323359	0.95
1.44611311084326	0.9
2.60520258156821	0.95
2.10765238449395	1
4.18345771076379	0.95
2.83673584654045	0.85
2.98483141141709	0.9
0.959147016512941	1
0.384333474018422	0.9
2.12126370762858	0.9
2.24477885645737	0.95
1.72417138683782	0.85
3.95424527297887	0.9
1.20246681319988	0.95
4.50840202081107	0.95
2.40489164795489	0.9
1.58690151288405	1
1.82284730371848	0.95
3.11785339016571	0.9
1.48009158542319	1
3.62528775774414	0.95
0.292434287215769	1
2.05111956225668	0.9
1.23338338632311	0.9
3.80919601353153	1
2.07332738958314	0.9
3.21840019812753	1
2.31287433569096	0.95
1.37035423941768	0.95
1.35241506603082	0.9
4.36213087661095	0.85
2.76381397125095	1
2.48669433130271	0.9
5.3211494788974	1
1.16048129943022	0.95
4.24897202524212	0.95
3.10108188544504	1
1.62747281430666	1
1.32150194281378	0.95
2.50981282451443	0.85
2.0545558800545	1
2.07789572354204	0.95
2.7927752345141	0.95
2.59504482878463	1
1.1385554087072	0.95
0.853240544532691	1
2.37210815073052	0.95
0.29546160235672	0.95
2.12352429817261	1
4.06216784661365	0.95
0.342262364933465	1
2.22685824052001	1
3.77504020634747	1
2.59713149676422	0.95
1.78279106653239	0.95
0.660739191681003	0.95
0.184433562981482	0.95
3.00313585059657	0.9
2.51675057705933	0.95
3.02312396922424	0.95
2.94782786277632	0.9
1.09152945005746	0.9
-0.356509374733019	0.9
1.21644643060668	0.95
-0.633388434990488	0.95
2.9614204436565	0.95
1.67782547805584	0.85
0.406100191633127	0.85
2.05225654837442	0.9
2.20096948895583	0.95
1.75269060069189	1
1.71519198279104	1
3.12942879816983	0.85
3.77618023039846	0.9
2.17136951544885	0.85
3.33219691409664	0.9
0.429534267955094	0.95
2.93685184613458	1
3.16827205807501	1
2.59454009645505	0.95
4.07523174869077	0.95
1.67053806227585	0.95
2.71348201286753	0.95
2.9687557395157	0.95
4.59032259599299	0.95
3.95042461765549	0.9
0.683819171154056	0.9
5.87833357556391	0.9
2.33743961945713	0.9
1.89440491373223	1
2.21739275981779	0.85
0.633235521538194	1
3.06953146193124	1
1.85711394128498	0.95
2.42342227282662	1
2.46689839891184	1
4.68283245851597	1
3.46514204052023	0.95
4.57853534459525	0.95
0.203071764901691	0.95
3.81302086925875	0.95
4.58354972650096	1
0.363361033208878	0.95
3.3945389458853	0.9
3.3010244439694	1
1.78950088854358	1
2.83326987204655	0.95
1.17297827389343	0.95
2.27860421987405	0.95
1.72099683171376	0.95
0.362473776745625	0.95
1.89082296672118	1
4.05359566224231	0.95
1.34034474642842	0.95
2.06068325503605	0.95
1.3025089578374	1
2.43891245956913	0.95
1.29365992757586	0.85
3.61120819380094	0.9
-0.318697676917883	0.9
3.95152871287645	0.95
2.37838840755868	1
1.98884892930143	1
3.07578926680216	1
2.00360220830037	1
4.16994008621837	0.95
2.53751509305623	1
2.89450062260924	0.95
1.33048067419036	0.95
1.69239640469051	1
3.06560054041704	1
2.84518714132626	1
3.59042414879529	1
2.97877147391443	0.9
2.83978659691173	1
0.370743063103791	1
3.37922448850522	0.95
1.84197760814432	1
4.57731896276477	0.95
2.1025292641001	0.9
1.38775588732903	0.95
0.915744643675799	0.9
4.70380675577962	1
2.25407336101791	1
4.96682305754256	0.95
1.74637004099991	0.85
2.47309776613722	0.95
2.25783950487011	0.9
2.50296772342243	0.95
-0.0376989083359978	1
-0.562345470521253	0.8
5.00120343079138	0.9
1.14362315377215	1
1.22833971526372	0.95
2.70428483371186	0.9
3.39123679609425	0.95
3.7940946747229	0.95
0.828754951049701	0.95
2.07307480762949	0.95
2.54831477831572	1
1.12147905015091	1
0.610742315436556	0.9
1.40796543470943	0.95
3.43131347473885	0.9
0.899169799787801	0.95
0.979913636820518	1
2.85310789912001	1
1.57138901605878	1
3.24941772485871	0.85
2.27497742522033	1
3.2792208123913	1
4.13300989975209	0.95
2.47557111118535	0.9
2.70586597850321	0.95
3.66706202976059	0.95
3.09805321799488	0.9
4.20289138057103	0.95
2.28155330068812	1
3.03879980567322	0.95
2.24662071921972	1
1.80014638326397	0.95
2.06055756209693	0.9
3.22248030205279	0.95
1.73528607724385	1
3.99626096664546	1
1.70086197669559	0.85
3.6300273817235	0.95
1.99989450232003	1
3.79082230664291	0.95
0.529845877571956	0.9
1.53197521734957	0.95
4.30062753807417	1
2.61009387004715	0.95
4.0045482212597	0.95
0.233839129638836	0.95
1.9472525868659	0.9
2.84003130579475	0.95
2.55929362970347	0.9
2.03125594136715	1
-0.159562407376115	0.9
1.79359571366114	0.95
1.44089354246063	1
1.05190961628948	1
2.72085688045428	0.95
3.54411041570066	0.85
5.59359724113907	0.85
3.49662609361086	1
-0.274501867317978	0.9
-0.335582542434347	1
2.59772966926986	0.9
3.28384125670167	0.85
2.04818351406387	0.9
0.553315484357467	1
3.20703395904369	1
0.927980833954546	1
2.81733728891068	1
-0.705684639488767	0.8
0.488089253352971	1
3.40905609974629	0.95
3.43305708438439	1
2.76672121636356	1
2.46567386827854	1
4.42592815809954	1
2.99683971691318	1
5.34369976222642	0.95
2.8240169144735	0.95
1.60458155538823	0.95
2.45607481464577	1
0.793688046158995	0.9
1.81646924950224	1
2.65530123548108	1
3.57789446057353	0.95
4.36050045892314	0.95
2.36702301384211	1
2.45989162115718	0.95
4.00748372538493	0.9
1.69695501231213	0.95
0.24796125624921	0.95
2.98750548635917	0.9
3.75797944848342	0.9
0.532793766911824	1
1.54281117479102	0.9
1.62905139962036	0.95
3.7129050444366	1
3.26460456890769	0.85
3.89738437745244	1
1.37387469318082	1
4.27218228107144	0.85
2.21745576026706	1
3.20949681311129	0.9
4.21686157017322	1
0.268278530810422	1
3.00811930614252	0.9
4.54451343590594	1
1.49789103547912	1
1.13978125741168	0.95
1.50180816355638	0.95
3.47714349570976	0.9
1.20028349548733	0.9
0.853229585311411	1
0.483554530714297	0.85
1.36803116148961	0.95
2.4954919996389	1
3.83913743151441	0.95
3.45331327552527	1
2.63544787532855	0.95
2.93775656501542	0.75
2.37406687451693	0.9
2.74112033543676	1
2.38897669707556	0.95
4.21864252269098	0.9
5.78251279678779	0.95
0.927684416121115	0.95
3.1315675140982	0.9
2.66292108949192	0.95
3.90927618935302	1
4.29446398963568	0.95
2.84448841372095	1
3.16729008290365	1
2.68936092223689	0.95
1.41753931491134	1
3.39600539792859	1
0.726642343511744	1
4.28086807124134	0.95
1.87485229137901	1
3.0636038782755	0.95
4.14518452620473	1
4.42520305931152	1
4.34888997887942	1
-0.726144818339596	0.9
0.88699706986347	0.95
3.24077202925548	1
4.47528444953554	0.95
1.61727532012766	0.95
2.37330736397746	0.85
3.95160246646935	0.9
2.69081149994197	1
3.30268499950377	0.95
1.65573659172739	1
3.76218309424781	0.95
0.53212523968078	1
2.85473599940118	0.95
4.52682564191674	0.9
2.35607088294425	1
3.66590081453867	0.95
1.65350480402966	1
1.46836462766172	1
1.49730843585942	0.95
2.19827117874061	0.95
3.7593946384658	0.9
1.30487739488399	1
3.4570881498782	1
0.968046858471143	1
2.30139491093293	0.9
4.17404423876705	0.95
1.70990672142688	0.95
1.45842057424168	1
2.79021500682754	1
2.89348963174188	1
2.92918673876861	1
2.33398345018408	0.95
0.729982694568671	1
5.57233384864779	0.95
2.27445593672473	0.9
1.09620401236893	1
1.72546527392241	1
1.67202296271911	0.95
4.01402365774517	0.95
1.5069363881901	1
1.84771452303043	0.95
1.97337728341548	1
3.09535522746986	1
1.3200337272244	1
3.01865263133052	0.95
2.69950531625487	0.9
1.24396270363847	1
2.99514876398441	0.95
1.62901080236281	0.95
3.31035637782394	0.9
0.241002666836234	0.95
2.12925557003303	0.95
3.19488359779962	1
3.22957089171241	1
2.6698221992534	1
3.00857636343987	0.9
4.53740571980596	0.9
2.34236690919937	0.9
4.85842097723355	1
2.75489371478317	0.95
3.76224600153237	1
3.71601573483781	0.9
1.11234649895155	1
1.67549658659231	0.85
0.739220304051523	1
2.95477304658289	0.9
1.98762994752763	1
1.94019446277209	1
2.61214412849002	1
0.974736844682175	1
3.09623169771163	0.95
3.63767832013928	1
1.04840033709007	1
2.55306844692086	0.95
1.88548462523962	0.95
-0.0701227199728227	1
2.64296426107642	1
1.97591153983768	1
3.46279654829972	1
3.23530353679917	1
2.45108890438469	0.95
3.79094843001652	0.9
1.90025004488476	1
2.98756187439677	1
5.06693516162222	0.95
4.88673086435721	1
1.29679095783227	0.95
1.26362634393776	1
3.84083281051245	0.8
3.84178723752429	0.9
3.51784308038228	0.95
2.77471932065963	1
1.18581792696192	1
2.69390397575467	0.95
1.66396533998349	0.95
3.65594205546864	1
0.641697418755303	1
1.62142813764698	0.85
3.01834141179281	0.9
2.06849304424428	1
1.18515082150703	1
0.250134034882001	1
1.69767399901512	0.95
1.53717604884113	0.95
3.39682953594731	0.95
3.23340255096142	0.95
2.25905174677606	1
1.84935753383187	0.85
3.60052924221516	1
3.05385504046075	0.9
2.49121514439879	0.95
3.34072727296559	1
1.10357232026502	1
1.42873100209147	0.95
3.60024502577532	0.95
1.50270294898542	1
2.54778419109974	0.95
1.18838637829924	1
3.08063630532704	0.9
2.19460276257212	0.95
2.16774945821314	0.95
1.34756477889132	0.85
4.73694256553003	0.95
3.65127051172254	0.9
3.7499139406533	1
1.46386147590782	0.95
1.6277818269175	1
2.54970515983691	0.9
0.987959302061406	0.95
2.40178801588011	1
3.81813699434607	1
2.88370598605275	1
2.592915965729	0.9
1.90913063412138	1
1.87677629029275	0.95
0.748965358328002	1
1.59009476793343	0.95
2.33010228187971	0.95
4.14868678825214	0.95
2.54799940487483	0.95
1.11134113180325	1
3.33617562710544	0.9
3.20373302692876	0.9
3.72950561554096	1
0.861956112340911	1
2.72523369531562	0.95
3.11779312991397	1
2.75032163809445	0.95
4.46069043842737	0.9
3.00734898100825	1
4.31780902738398	0.95
0.6447810020451	0.9
0.422708406746735	1
2.61849501732597	0.9
0.126058397151066	1
3.46928098623106	0.95
2.33452480691154	0.95
4.29764660116872	0.95
3.03651309615539	0.95
2.76706553855248	1
3.3630289771134	0.9
0.608640273001394	1
1.89360449125615	0.95
2.33796230851635	0.9
3.32774294350864	0.85
2.82978774527559	0.95
2.39598757784783	0.85
0.949577739539633	0.95
2.08365824357862	1
4.73606599080383	0.95
3.85942640959221	0.9
3.48348553307489	0.95
4.02163025455511	0.9
3.15078763705616	0.9
3.23344454782145	0.95
2.86161449149846	0.95
0.768371550373277	0.95
3.56668577151334	0.95
0.653775255703349	0.95
2.51439300918223	1
5.73846777998783	1
1.83633448558313	0.9
1.67988621733681	1
4.07734528226644	1
3.81459757464886	1
3.79046060032566	0.9
3.34363684401607	0.95
2.59240177585236	1
2.02170470087609	1
4.0711829414626	0.95
3.29788124401874	1
2.06160204292522	1
4.2753619285955	1
5.0384850530603	0.95
2.74545282673908	1
3.02989169934694	1
1.89009158782588	0.95
2.68230848925871	1
4.73342535239088	0.95
4.19489158204793	0.95
4.03764133912083	0.95
0.843641467764665	1
3.50128459304343	0.95
4.11595269054659	0.95
2.28231865543196	0.95
3.24487505116574	0.95
3.34093020003443	0.9
2.4100572864868	0.9
1.09345554404877	0.95
1.66338047392105	0.95
2.58146161011941	1
3.93704359635705	1
2.93470441840574	0.95
2.52729602448732	1
1.68900561129644	0.85
2.5350718657051	0.95
1.09198686462043	0.95
0.874969963944698	0.85
1.20401418582488	0.85
3.42815451672465	0.9
2.98748774012734	1
2.69742454958116	1
0.973232011331534	1
3.36807346027713	0.95
1.99580202873214	1
4.62629362334667	0.95
1.95213376681172	1
0.603255705630038	1
2.76221113387472	0.9
3.54215087964394	0.95
0.737474441695706	1
0.0842099733805712	0.95
2.7619805478946	1
2.67747194120516	0.95
1.83534312320814	1
2.79206747041921	1
1.8221662646249	1
1.66953201581843	0.95
1.97105653193676	1
1.6041080912292	0.9
3.04572105984222	0.9
1.12093955404749	0.95
1.65132018806766	0.95
2.86331004151562	0.9
0.520677986118792	1
2.22286731898984	0.95
1.7254235430393	0.95
1.45310114511553	1
3.63814474171676	1
0.348364103700266	0.9
1.90290777709152	0.95
1.48350760657312	0.9
2.98503972855094	0.95
2.40586051612383	1
4.46172566218381	0.95
1.41887867822898	0.95
2.26475971375284	0.85
2.06265018964785	1
2.13264377357308	0.95
2.90722499078568	1
2.48868794601198	1
2.65548517191248	0.95
2.94275694570077	1
3.61584002983306	0.9
1.71593760047041	0.9
2.34059448978265	1
3.38134263897585	1
0.622201280010256	0.95
4.72083950057641	0.9
3.12639151540181	1
2.2963213180406	1
4.42896676508106	0.9
1.127474249965	0.9
2.06074089641748	1
3.74544621696395	0.95
2.4049408677813	0.9
-0.585793640570137	0.85
0.990917110458886	1
1.7451273070288	0.95
4.22458734724055	0.85
0.867594594176051	0.95
0.818320450178708	1
2.65333920403358	0.95
4.02097479000891	0.95
0.202984195196334	1
1.11421115160961	0.95
2.89128311024618	1
2.66678149047189	1
1.68891049837541	0.95
0.938641965169143	1
2.44800990990442	0.9
2.83752557959034	0.95
3.55489204166356	1
3.15220797549607	0.95
2.21188698603614	0.85
3.06700169055513	1
2.89462650017814	0.95
2.24440912216028	0.95
3.68075047833811	0.95
3.14128527264014	0.95
3.0943507406331	1
4.40883134311111	0.95
2.50567890866725	1
1.45280245677479	0.9
1.89416785481541	0.95
4.38038181389798	0.95
4.30963852392905	0.95
0.653792734737358	0.95
4.5856560985048	1
1.76642424052013	1
3.93243264395972	1
3.75322925474784	0.9
2.45266137789956	0.9
3.60327795977978	0.95
1.82599094259024	1
5.66725093615958	1
1.96799798255602	1
1.87769089768373	1
3.45358994482869	0.95
2.33542476854923	1
0.502821471112407	0.9
1.65611732086951	0.95
4.46912920144718	1
1.83264317320639	1
1.71280966357776	1
2.00599441369982	0.95
3.19554577574512	1
2.2128177887175	0.95
3.2057658269695	1
2.4772173156299	0.95
2.33893313045443	1
2.67998001902541	1
2.91790099095077	1
3.5002180539657	1
1.4989753188056	1
1.13291118037879	1
5.1257057290793	0.95
3.99947511469618	0.95
3.72562336436866	0.95
1.36508435369251	1
2.3683687489765	0.85
3.86769526147548	1
5.66171124037234	0.95
2.59384930061996	0.95
2.57946923556631	0.85
5.05436169888705	1
2.14300469833005	0.95
3.13200250335827	1
5.57149483479497	0.95
3.61996513230532	0.95
3.10971456869627	1
2.37848740266521	1
4.79248664775396	0.95
3.26619629208489	1
1.92740970143067	0.9
-0.437444108889058	0.85
4.98984910241248	0.95
4.21188167024991	0.95
0.20929299069374	0.95
0.640449655458379	1
1.2744221129139	1
0.83392638685003	0.95
2.88266958835555	0.9
1.32786817422277	0.95
2.3990049405809	1
-0.0246448986691989	0.8
-0.212085089432923	0.9
3.9976060289712	1
1.42279430444174	0.95
1.59879115853011	1
1.74664816782208	0.95
2.66545803062402	0.95
3.34082561298968	1
4.70238004244675	0.95
3.60671793259417	1
1.93490926600379	0.95
4.44098416613063	0.95
2.94912527075267	0.95
1.908463348667	0.95
2.37439416623336	0.95
2.51116900452757	0.95
1.91351223125978	0.95
2.49250565064667	0.95
1.9750025259854	0.9
