as.vector.log.thetas.	as.vector.coverage.probs.
5.59310567822688	1
5.23427478820622	0.95
6.51984039013355	1
5.98466861693125	1
3.94147266182107	0.95
5.63919753305709	0.95
4.21037600242702	0.8
5.63178184586226	0.9
5.98969292813428	0.85
5.71163412102587	0.95
4.66829722989174	1
6.60622058087789	0.95
4.45944862512494	1
5.4874964340763	1
4.13542254614793	0.95
3.63676538164769	1
7.08278454608871	0.95
4.52775398138263	0.9
5.164058138564	1
7.44206223951956	0.9
6.01755328891547	0.9
6.07233997010801	0.95
5.75464411928188	0.95
4.94761436422766	0.95
4.563929779288	0.85
4.82467242130195	0.9
4.53632326464808	0.95
5.96597131621433	0.9
4.63848663587003	0.85
3.32307866614756	0.95
3.59782158924148	0.95
5.19113828946975	0.9
4.74582581559097	0.95
6.70786867557861	0.95
4.50068568066413	0.95
6.10403973824121	1
4.12767346867405	1
5.03883651887977	0.95
8.30168071714897	1
7.03709708614762	1
7.41378762043993	1
3.53729019356742	0.9
6.04024562357639	1
5.44384770922093	1
6.83528016097845	1
6.32350384628212	1
5.5103880111447	0.9
4.7381606048265	0.9
4.547680268244	1
5.55406812923908	1
5.34194636731455	0.85
7.06049514009076	0.9
5.98509047181139	1
6.06828662148877	1
5.88538038585467	0.95
5.1435743037416	0.9
3.69371553870249	0.9
4.80798424772438	0.9
6.19560490933339	1
3.02635120275306	0.95
5.81676048314575	0.95
7.57683447048669	0.85
3.79797327868351	0.9
3.42983801390832	0.9
6.2400150203568	0.95
5.2147976123443	1
4.65451134501421	1
6.43689896254529	0.95
6.39744162674112	0.95
5.07191340584914	0.95
4.37023521200471	0.95
5.88009514431485	1
4.93542936330927	1
6.57567069215082	0.9
5.79778859096682	1
5.15211448986077	0.95
6.80954425822444	0.9
6.76318387466688	1
4.08558913270308	0.9
8.22147448119284	0.9
7.41253487652538	0.9
3.91637791932893	1
4.986265875395	1
7.05334205145195	1
3.28098404196305	1
5.10872977371245	0.95
3.83951686732022	1
5.70888282937109	0.95
5.39470235769427	1
4.55905223352336	1
4.70661573732047	0.95
7.45709881298732	0.95
3.88420693751654	1
4.2759129165452	0.9
5.97925934554782	0.85
4.48778377088311	1
5.46352010268648	0.9
5.08691562605255	1
1.95401842189548	0.95
3.06795212060215	1
2.32343219087927	0.8
3.49133689149917	1
4.42616294541802	0.95
4.62024382443862	0.95
5.69773466077472	0.95
6.47150484273523	0.95
7.1877263041166	1
6.20847091120394	1
5.18237908505005	0.95
4.89031375452191	1
2.18719575778807	1
7.12643738556751	0.9
4.02245424648025	1
6.72970255374393	0.9
6.11651193933662	1
6.09471982106986	0.95
5.79886218180508	0.95
3.14958357616329	1
5.74562144043698	0.95
6.9332614431634	0.9
5.37146050764258	0.9
6.86752092942531	1
7.84629292608033	0.95
4.02634318272311	0.9
5.69270445842905	0.95
4.08711081955441	1
4.20801397872508	1
4.29674282837533	1
3.8631154451322	0.95
6.98029774022833	0.95
5.10686286599635	1
7.39100810150808	1
2.58066434359582	0.95
3.95492283147204	0.95
4.68498380297906	0.95
5.74551494973083	0.95
6.75843289312052	1
5.11203102064836	1
5.47728432917211	0.95
5.82025362994701	0.95
4.61603658155809	0.9
3.94273983881725	1
3.45212712102066	0.9
4.32115722853156	1
4.1024705393769	1
5.90061137675344	0.9
8.38469492834624	1
8.45539653954609	0.95
5.35104539570033	0.95
5.13403758153964	0.9
5.36339258324964	1
4.10047958036123	0.9
2.66664098125761	0.95
3.84789967714403	0.9
4.83049826870468	1
5.03779807402211	1
5.24525546794239	1
6.0165979985816	1
4.73607479619002	0.95
1.46648455528888	1
4.82031233542891	0.95
3.28505036847348	1
6.8415609700133	1
3.04831220971319	0.95
3.47612505224157	0.95
1.18071446962057	1
4.73445660520171	0.95
5.919742210957	0.95
5.24035153498131	0.95
3.25054327494432	0.85
3.36145721736281	0.9
4.08446772740492	0.95
7.34585598299826	0.95
4.29471835860709	0.95
6.28220361893742	0.95
4.91189932601573	1
6.47821540289731	1
5.57358033525604	0.85
6.71997449775365	1
4.72850135363539	0.95
2.6535672988402	0.95
5.00780478481713	0.95
6.39890207765441	0.9
5.58672988677219	0.95
7.21735346617717	0.95
5.64977347130305	0.95
5.15277601234347	0.95
3.57186049373506	0.95
5.06680611717702	1
5.76173673144631	0.95
6.03979032181653	1
6.78366705412663	1
4.99812304950747	0.95
4.77346712153556	0.9
5.63046190959379	1
4.82295841993359	0.9
4.53772239044869	1
7.48414643940131	1
3.62233854569865	0.9
5.06228979771805	0.95
4.41261663556027	1
6.19447628427004	0.9
5.81480845889406	0.95
3.97275976412376	0.95
6.43347791647396	0.95
5.59074910131271	0.9
3.56176094849201	0.95
5.87527361430235	0.9
4.77826874093332	1
4.27224225121054	1
4.8914375629616	0.9
6.61710137588708	1
5.50782651082428	1
5.22393729537016	1
5.63521136667074	0.95
5.64536104506353	0.95
6.88167397447836	0.95
3.80670976033321	0.95
4.8929810252131	0.95
6.36153222320645	0.95
5.40106427409214	1
4.90159511622686	1
5.22220404412016	1
3.61325516652683	0.9
2.23311654905932	1
6.7254194169189	1
4.04497584340894	1
4.58919485458157	0.85
5.26973611027999	0.85
6.27955426732409	0.95
5.20840789786209	0.95
2.72501892830249	0.95
5.56635037310457	0.9
3.18728394553736	1
3.95947862257839	0.85
5.67866149776348	0.85
7.44104252954253	1
5.36414758518286	1
5.53942693164546	1
4.50555939031833	1
5.30136781230682	1
5.62983269336521	1
5.53608767238432	0.95
2.979757714326	1
6.31300746806524	1
7.35228169220221	1
4.06819284140117	1
3.18516011382045	0.85
5.71327940892005	1
4.08285565917876	0.95
6.22371501468817	0.95
7.26109052880035	0.95
5.12807809950309	1
5.07854334167661	1
6.08158387508528	1
4.65918293932309	0.95
3.37666787775797	0.95
6.71976679540001	0.9
4.87092400847959	0.95
5.39305952235327	0.9
5.66652707898521	1
3.34545347857025	0.9
5.11858912692339	0.95
4.75695712437843	0.95
5.21269838352157	1
4.58040578914663	0.95
7.06820045758931	1
6.96456894975982	0.8
4.51316301308495	1
6.35552627512538	1
5.78559877111598	1
5.97835549176157	0.95
5.12719191757615	0.9
5.53982433775128	1
4.31834913082036	0.8
5.44290480837058	0.85
5.6329581186125	0.9
2.99882073775562	1
2.29818450877315	0.95
4.20238176865732	0.95
3.25115610667265	0.95
4.02061263952764	0.95
5.34690269201911	1
5.12605806807048	1
6.68893213243119	0.95
4.32965308080674	1
6.09502464330571	1
6.54089040056074	0.9
3.09370451689185	0.9
3.92941772517758	1
5.1209858941961	0.95
3.88166071878657	1
4.36867621923897	1
6.05587083332065	1
4.1281658681293	1
4.13553922936964	0.85
5.84147966039143	1
4.69701024362249	1
4.88932840058453	0.95
4.5105863123589	1
6.97306581258954	1
4.76969328151699	0.9
5.41125964125204	0.95
4.97849318130412	0.95
4.91409892761122	0.95
5.73125549868693	0.95
6.26202644747152	1
3.43636130061099	0.95
3.73947767634235	0.95
5.48395793944779	1
3.2345687250353	0.95
8.29042319567526	0.95
3.38605734614753	0.85
3.57965067570703	0.95
5.33332850001533	0.95
5.62583171416058	0.85
6.30559390288494	0.9
4.66064981134356	1
4.39186101082564	1
5.47717115992986	0.85
6.10057364471253	1
5.39173536809672	1
3.50260284577257	0.95
6.43675362969124	1
6.94309754305832	0.95
6.483390576967	0.9
4.05100530970699	1
7.14872401477986	1
4.87989277689866	0.9
3.48634600896568	1
5.21082427998783	1
4.02733493669625	0.95
6.224995750318	0.9
5.07378166654952	0.95
5.47277748709324	1
4.50427028629284	0.85
5.64215202461824	0.95
5.72770015254466	1
4.37257048032645	1
4.84262172671584	0.85
4.13596103364184	0.95
4.89775600568221	0.95
5.17817516122226	0.9
4.31009857582794	1
4.63710561299879	0.9
4.30592929449054	1
5.91817270132335	1
5.27549601905903	1
5.75764097698016	0.95
6.50604913177764	0.9
3.86662813871036	0.95
3.35747499330741	0.95
5.85045390890776	0.95
5.91432225842573	1
2.43428841920346	1
4.43022926198621	0.95
6.37587121560071	1
5.2236650822773	1
3.79242229130561	1
4.68735036404166	1
4.28843947213199	0.95
7.23480828188437	0.9
6.61777669803662	0.85
5.89954730842401	0.8
5.23146260864883	0.9
6.53962831831642	1
5.21614271544332	0.9
6.72097243959826	1
5.21088456744709	0.9
6.7097042431285	1
6.45575061732493	0.9
5.63836383125056	0.9
4.66610873680051	1
5.91954231854977	0.9
4.44886292279006	1
4.87085231634378	1
6.0841950315604	0.8
6.63918771025424	1
5.93657531297709	1
8.55121514901483	0.9
7.83637683121582	0.95
6.42471972329514	1
3.12289759013135	0.9
7.2985668108065	1
3.36754133901776	0.9
7.8673657729919	0.9
5.13595330092631	0.95
1.91966048767401	1
6.35059934095967	0.9
6.30602599227848	0.85
4.0890532846711	0.9
5.18104555484676	1
3.86075690862615	0.85
4.57150433045898	0.95
7.46742979763539	0.95
4.8208739248818	0.95
5.20675620620071	0.85
6.09894381920204	1
6.63093361814711	0.95
3.66607136266494	0.95
6.06494065391168	0.8
5.06587036175746	0.85
5.93112244762	1
6.21994494664535	0.9
4.24184848809609	1
4.49984830922933	0.95
3.86722866232399	0.9
3.66839285054146	1
6.89935889961787	1
5.26908896964501	1
4.81933289851089	1
3.79758272983587	1
5.58323627930596	0.95
4.20429542205679	1
6.92309598287611	0.95
3.96060374102459	1
3.68240231695446	0.95
6.5974172887928	1
5.31447171807044	0.9
5.15659505007266	0.95
5.03979955964427	1
6.1776089119152	0.95
6.25939160298473	0.95
5.49468532700693	0.95
4.95387304679944	0.95
6.19030920879006	0.95
6.02060699753404	1
5.72951958962658	0.95
6.97679937387349	1
4.20975564362684	0.9
5.87840890953526	0.9
4.504638151812	0.95
5.83512439216393	1
4.06165454454621	0.95
6.85569180397098	0.95
5.53458138836842	1
7.49014079288923	0.95
6.09082062549037	0.85
4.63931143781621	0.95
7.79243067510006	0.95
5.36043364171331	0.95
3.97613016918951	1
6.05040548264203	1
5.00876078957125	0.95
7.32057731312873	0.95
7.34606838822296	0.95
2.52175136482473	1
7.9926297344444	0.9
5.70123374908539	0.95
4.25326039350378	1
4.21054792074497	0.9
2.87395346483565	1
4.11443440613546	0.95
5.2394913772704	1
5.46214837181732	0.95
4.53031189409837	0.9
6.5737447092753	0.9
8.21751182065828	0.95
6.24242751226445	1
3.40320531314833	1
4.69941949085778	0.9
6.34411782891853	0.9
2.72037649697989	0.95
5.31891963071596	0.95
7.01653605983496	0.95
5.46666778611142	1
5.32868889419708	0.95
6.70827540184543	1
6.50720927992514	0.9
7.69496623698658	0.9
6.24615320968386	0.95
4.49978884551286	0.9
5.23310227143145	1
5.459249091509	1
7.12564435073457	1
4.6170953484791	0.95
5.76539054839135	1
6.66376607164764	0.9
5.42578561360127	0.95
4.34348722306219	0.85
3.01133933038216	0.95
8.71328039533574	0.85
5.1752973209361	1
5.64611682812576	1
1.55196490893149	0.95
5.37837891038951	0.95
5.35779102464274	1
6.54085576064694	0.9
3.6959963236854	1
4.76335883385396	1
6.20414641431125	0.95
5.12745749290748	0.95
4.9740225759157	0.95
3.67853584064176	0.9
4.65326014035333	0.95
5.41048047638924	1
4.80494385959578	1
4.60464757702911	0.9
6.87956003306716	0.95
5.28636292871813	0.95
7.05237699068473	0.9
4.19081984245875	0.95
4.7433796327053	0.95
2.62813183237049	0.95
7.47604997480786	0.85
5.15958587761299	0.9
2.84388467841089	0.95
2.09012104817946	0.95
3.59431966373785	1
4.45919966897356	1
5.58210126656376	0.9
5.63941649067851	1
6.690583083579	1
5.96785923242531	0.95
3.65828609234336	0.95
2.87889816600678	0.95
3.93200685146257	1
3.6040449042671	0.9
8.57678197490231	0.9
5.67876055704387	0.95
6.07194237152138	0.95
7.26257491972434	0.85
3.00446775607093	0.95
3.67391452406489	1
4.86322865713931	1
3.47925482589748	0.95
8.01698400688596	0.9
5.94879670076575	0.9
7.04971962282815	1
6.12139626339884	0.95
7.15567139933586	0.95
4.21108653174949	1
4.64951324259492	0.95
5.6196548219603	0.95
4.16736587433159	0.85
5.24895514784106	1
3.43381141409789	1
4.27480722855032	0.95
4.44648187135944	0.9
5.6176409591581	0.95
6.06437803130484	0.9
4.42166192461767	0.85
4.88824843871442	0.9
5.73424332131065	0.95
3.2496149330638	0.95
5.31581004025694	0.85
3.22467129383138	0.95
2.58890288598883	0.9
3.10535815853641	0.95
6.81545846315002	0.95
6.33829536038447	0.95
5.34826114991922	0.95
2.34871555456306	0.95
6.22194729438467	1
3.33986016649757	0.95
5.53766792085777	0.85
4.49901480455298	1
4.95431357139067	1
5.03849123358119	1
4.12751303345577	0.95
4.20979803856721	0.95
4.7911988599706	1
6.55531724479094	0.95
6.06847038809012	0.95
4.25961530071111	1
4.3941555562125	0.9
4.62320884251596	1
6.00498253899986	0.95
8.09396883373332	0.9
4.63539849271035	0.95
6.81996084278973	1
6.4084617459728	1
4.99688184675851	0.9
5.68493551391229	0.95
3.85423137030344	1
5.34419397697867	1
3.9214482698703	0.9
6.42546167441599	0.85
3.94796710909431	0.9
4.07198488278032	1
5.81473868282319	0.95
5.1219006395682	1
5.31831385525328	0.95
2.03039488216124	0.95
4.91206525973797	1
5.69205274869588	1
5.224474050334	0.9
2.51904869681068	0.95
3.73349122748566	0.95
4.99685882254067	1
5.28114156425547	0.9
3.43470883964134	0.85
4.62204254256616	0.95
5.04330259829328	0.95
3.20014554941895	0.9
6.13021156738121	1
3.15069144059319	1
4.47843860121148	0.95
6.85322069412687	1
2.32599059674946	1
6.58153548741508	1
8.3007522498075	0.95
5.70452326455716	0.95
5.99816528586639	0.95
5.43219059561932	1
4.61232412430613	1
5.15843263332087	0.95
6.36196802395503	0.95
7.06354681557603	1
3.6560609544245	0.95
5.48442755485877	0.9
4.8665569457038	0.9
2.28849906412785	0.9
2.756030398443	0.9
7.72055942829355	0.9
6.35692368360478	0.95
7.03614536833437	0.95
4.72983809519312	0.95
5.10384077448484	0.9
4.29628126856038	1
3.65551586546443	0.85
7.84603790193602	0.9
5.49851977790485	0.95
6.22876187096137	1
5.24032286337426	0.95
4.22098802822873	1
4.53405343936481	0.95
4.85286069816711	1
3.01996986229416	0.85
4.19379016294	1
7.30920431912539	0.95
6.12367588592463	0.9
5.53543922294619	0.95
4.47382359997082	0.75
4.75220380996664	1
3.97544824332663	0.95
6.93502144510348	0.85
5.1609390451828	0.95
6.5474548211422	0.9
7.8016035911205	1
3.39814820237038	1
6.8933244188038	0.95
6.35993348069637	0.9
5.35999960481936	0.9
4.7808089093691	0.95
6.8643025245636	0.95
5.31509548790914	0.95
3.40612780178552	1
6.59297691589477	1
6.52520411120357	1
4.28586825179943	0.95
6.70066963862802	1
6.41349189220601	0.9
5.0948264054966	1
5.51394100053091	0.85
5.48523388039061	0.95
7.11260278334157	1
4.75905333402888	0.95
6.18826419925594	1
1.4427252624406	0.9
8.4570670208868	0.95
4.67130655057564	0.85
4.19047351836585	1
2.67416364845165	1
5.21041830605255	1
1.59679912066092	0.95
6.14474643801163	0.95
2.89788887087693	0.9
8.3921402058515	1
5.31735837119326	0.85
5.28480557878453	1
5.68309354893012	0.95
6.40494401512055	1
5.19837027598446	0.95
3.90359655578626	0.95
7.24507534956182	0.95
4.97015435914004	0.95
4.78376851316157	0.9
4.71471760150177	1
4.06105026304048	0.95
6.27193607240338	1
3.00907159783749	1
3.46230738999433	1
7.4274130506737	0.9
3.96592426359306	0.95
3.65640615797672	1
5.94101068454201	0.95
3.05703587083732	1
7.29853084600825	1
5.95703892521655	0.9
2.97844868725786	1
5.00223479948334	1
3.19059907134334	0.95
4.21522649169524	0.95
3.72799188845876	0.95
5.78656809840091	1
4.83150550447626	1
4.54328811898258	1
4.8492560041247	1
7.42072959784136	0.9
4.51852340097917	0.95
7.06901477919136	0.95
3.60062363553081	0.95
6.5314358293402	1
3.89847342467654	0.9
5.39241121632533	1
5.46880491523746	0.95
6.95717652897064	1
3.8542449770284	1
3.87154501417547	0.9
5.93787834196036	0.85
4.72593871263227	0.9
3.10024049260005	0.95
4.4990914674852	0.9
6.12165629428379	1
4.3655594511545	1
5.72056471743985	0.85
3.33040409752758	1
5.91492802000493	0.95
7.24948642247287	0.85
3.7928255933434	1
3.71801304279485	1
3.91152328255632	0.9
4.1370312521943	0.95
6.74201924845168	0.9
5.04934000957779	0.85
5.42940119243563	1
5.61019572899705	0.95
5.57599563603167	0.95
6.71926863181706	0.9
6.26137836464696	0.95
4.97532826070057	1
6.61337743658383	0.95
5.6483603831993	1
6.76063914868904	0.95
5.0195385484241	1
4.18089875685762	0.95
4.97583825110169	1
4.86168934420404	1
3.92533731623764	1
4.12035345328057	0.95
4.63557297359657	0.95
7.67796361403874	0.95
4.95214691113175	0.9
5.53154703984351	0.95
6.37708536458697	0.95
5.72546917807307	0.95
4.25399736387721	1
4.9741325710251	0.95
6.53648962709628	0.8
5.74496926750253	0.95
6.62369687864744	0.95
5.75839221805341	0.95
5.58554768525478	0.9
5.29264818184577	0.9
4.00976168228504	0.95
6.2510017676645	1
4.16453023117379	0.95
7.72096096267592	0.9
6.03411355453742	0.85
3.17954765495736	0.85
3.75015207720269	1
4.12274104563924	0.95
5.41798549318634	0.9
4.69414954732726	0.95
4.37809123520239	1
4.17921480689201	1
3.48142493995514	0.95
3.35436837686048	1
4.8459048984508	0.9
5.07227179341973	1
6.92918938920028	0.95
7.56706384258325	0.9
4.09908421067056	1
6.01152675827998	0.95
5.44991613086735	0.95
4.35915422665913	0.9
5.25211378311574	0.95
5.42048270940245	0.95
5.44967667898596	0.95
4.63483568828362	0.85
4.65475345601846	1
3.91805399625285	0.95
5.30400652129579	0.95
4.4418561316074	1
3.95860650924971	0.95
4.68852466102491	1
6.91932955923308	0.9
4.37270851647879	0.95
8.20757320597438	0.9
6.84662908599936	1
6.84144050010508	0.95
6.62554075986971	0.9
3.97646440245064	0.95
7.40079549638207	1
5.55593596125344	1
3.79066208258311	1
4.6534797280022	0.9
5.43256937974828	0.95
5.08178733108965	1
6.49365340528801	0.95
5.16433823123701	1
4.6015973737544	1
4.40686896445614	1
6.66657024826759	1
4.78060435523473	1
5.83406188956768	0.9
2.1746636577907	0.9
4.44083962681955	0.95
4.70615927013741	0.9
5.25953619626286	1
4.19935092882367	0.85
4.05975469720339	1
6.24862750896501	0.95
5.44644681530065	0.9
4.11423040992552	0.95
3.87332737422284	0.95
3.37908742567808	0.95
3.92235448214723	0.9
5.65984410175577	0.95
4.58103856339163	0.95
3.08828441490166	0.9
4.60651503080766	0.85
4.46375403378887	1
5.52750864739367	0.95
4.98018620687054	0.95
4.42138204735008	0.95
4.55997330198967	1
7.02958832198727	1
4.55518247177139	1
6.45809194541774	0.85
4.55193958633417	1
6.01953241958886	0.9
4.43108645568566	1
4.88146072534718	0.95
6.89251074681809	0.95
3.72086491431311	0.95
6.54913256782084	1
4.03865492509489	0.95
5.29613379703827	0.85
5.38930513884679	1
5.01321069868715	0.95
6.18108771647576	0.9
5.66577647360441	0.95
4.82052146100217	0.9
4.87415460318537	0.85
4.26016239421568	1
5.1924212419189	1
2.9661208043923	1
4.33926179837489	0.9
6.27883582603451	1
4.37456359488122	1
4.61386631571374	1
4.19352103242531	0.95
4.56461310511283	0.95
5.71640121470108	0.9
4.39692840389553	1
5.52937087524971	1
6.18790363698847	0.95
3.80439834513544	0.95
6.20877104237381	0.85
5.62711039648516	0.9
6.07623029030339	0.95
3.92839994903997	0.95
4.87239317625452	0.95
3.40496919167236	0.9
5.34590419184568	0.9
5.32763410545971	0.85
6.13408160377655	1
4.99579441973034	0.95
7.87257423307621	0.9
6.29026089371928	0.95
5.93612878071628	0.95
6.4702309152284	0.95
6.04488422047122	0.9
3.72989245532544	0.95
5.5711231472822	1
5.15975554337187	0.95
4.25214725444021	0.9
5.23838446111105	0.9
5.43406083799078	1
6.21282306044158	0.95
5.07813101487473	0.9
4.03163949879531	0.9
5.52978828970305	0.95
6.01054326713071	0.95
4.38742529592523	0.95
3.00939446436689	1
3.2883157599633	1
9.00869048269494	0.95
6.03198499168439	0.85
4.72925321334862	1
4.91499683662713	0.95
4.21465816739747	1
5.04284263960816	1
6.59855000676639	1
5.84460388816736	0.95
3.85092455360159	0.95
4.65966370337456	1
4.75511574466119	0.95
5.6377587461853	0.95
2.48871691077237	1
4.31828984177223	0.9
5.37093760511448	1
5.94879997054456	1
1.49614283012034	0.95
4.95541826069828	0.9
5.56758630019712	1
5.46037929502814	1
4.88140106206138	0.95
5.02476355864782	1
4.57407438480918	0.9
6.19823594800486	1
3.11681718225003	0.95
7.82086633820477	0.9
4.99650432403069	0.9
3.49628036230805	0.9
5.93964084777512	1
2.66892599686983	0.9
5.15195715948304	0.9
2.33467458977331	0.95
5.65638490286401	0.9
4.55163421155926	0.95
2.63594199846056	1
5.54013759166585	1
7.65408743168796	0.85
4.83367717728003	0.9
5.03377571574042	0.95
4.25429455799968	1
5.47149684335193	1
3.97866165879648	1
3.08136423436468	0.95
4.15113342953661	1
6.19383427874662	0.95
2.95100684569018	1
3.82659836034201	0.9
7.87958325861631	0.95
4.7163029138472	0.9
6.42302724308181	1
6.21105233994351	1
3.79443269908824	0.85
4.18641785309596	1
6.22138263975331	0.9
4.35015946040309	0.9
7.25399163208419	0.9
5.09257476662215	1
3.79138256164108	1
4.06894040153242	1
4.68537171785139	1
4.7394681725753	0.95
3.71857892211667	0.9
7.12854918546595	0.9
6.88266773553997	1
4.08934159949335	0.95
7.1072911602971	0.9
6.01600109927414	1
5.85550081409337	1
7.07816275039575	1
4.30949418384743	1
4.67376980108244	0.95
4.88981493090713	1
2.99821266725994	0.95
2.95092039177664	0.95
6.19551444451234	0.9
4.46674510704797	0.95
5.57075687247538	0.95
4.8536775795809	1
3.73933692251269	0.95
6.40779753224278	1
4.91261706119369	0.9
3.81332760419108	0.85
4.88905016203593	0.95
3.15571486142415	0.95
6.50091883860585	0.85
3.7216721492111	1
3.52748172139263	0.95
4.52363273713395	1
5.62104018715892	0.85
5.62282607661376	0.95
4.26087725297083	0.9
2.41842611315912	0.95
5.66793077091525	1
5.53291487632067	0.95
6.82784514417725	0.95
6.37805595654964	0.95
7.23523465283717	0.9
4.15377002421475	0.95
6.74456934977426	1
3.86563876068107	1
5.34145670808388	0.95
3.3430191536974	1
5.09892345896092	0.95
6.29943484934013	1
7.76442969205952	0.95
4.87058966418759	0.95
6.1697541702744	0.95
4.98144731253804	1
5.14480331705108	1
3.14680518115372	0.95
5.59094180799678	1
4.68491432477484	0.95
4.61085563964129	1
5.77472294034252	0.95
4.47785336367328	0.95
4.7045268521704	0.9
5.51351968170378	1
5.88212902154281	0.9
8.51578386483707	1
8.54949458732077	1
6.58734205672929	0.95
3.65623232139143	0.9
5.78934804572087	0.9
4.00333690895509	1
4.02976738938463	1
4.93139302078646	0.95
6.52237906020488	1
4.31531313117676	1
5.43394317012661	1
4.68116555959058	0.95
5.75618485724177	0.9
4.87426961203098	0.95
7.091162432898	1
4.7184161498653	0.9
4.81920639868297	0.95
5.19063597489401	0.8
4.56471607828271	1
6.93386078897319	0.95
5.36494226855605	0.95
5.08593653499733	1
5.49553078074641	0.95
4.65133583459939	0.95
5.05037329779815	0.9
3.79038981673879	0.9
5.28501006194145	0.95
6.03446005730624	1
5.09795563875568	1
2.88808189606463	0.9
3.88575304453075	0.95
6.04489660938128	1
3.29814629177079	0.95
5.35119690612521	0.95
6.33363590172223	1
4.61509643076242	0.9
6.46042661326503	0.95
6.36210036890694	1
7.1567715407243	0.9
4.04638033998366	0.9
8.41946607409967	0.95
6.29198924487225	1
5.22016246054066	0.9
5.32864909131475	0.85
5.94444642853892	1
7.99515403277778	1
5.06628828411284	0.95
5.26578522618628	0.9
3.58955078948179	0.95
5.70761074233538	1
4.96198483760062	0.95
5.70387100065908	0.95
6.71441525531444	0.9
7.0084761733189	0.9
5.26486268859579	0.95
6.5742017486251	1
2.55819202737173	1
5.88588818833616	0.95
6.71500511180325	1
4.92478634499767	0.9
6.49138384629466	1
5.5813378746517	1
4.98571901930166	0.95
7.25636910045395	1
6.53443725706845	0.95
5.5394293687858	1
5.78902048948681	1
5.46201745686452	0.95
3.67164130542062	0.95
6.79352189929195	0.9
3.93157404251708	0.9
5.41571141343932	0.95
5.97339323641753	1
5.31201371966669	0.95
6.51782995328566	0.95
4.9709714813448	0.85
5.04964560566671	0.95
6.74936036371511	0.95
4.9871736758861	0.9
7.72375571072113	0.95
6.49976538946463	0.95
4.07095023656515	0.9
2.79279629643683	1
6.94717079401906	0.95
3.98702292063173	1
6.14081389778631	0.9
4.12496297193814	1
5.51309566821704	1
5.18343865422728	0.95
4.40111253967821	0.9
5.97214584986891	0.9
5.84920729769384	0.8
4.85123319492989	0.95
5.54265714976407	0.9
4.81312834620837	0.95
5.26198530622404	0.9
4.21029623826579	0.95
3.43334412294581	0.85
4.9510407048406	0.85
4.00846102924774	0.95
4.68830889764299	0.95
4.04102207398165	0.9
1.65542514825578	1
4.11897790494514	0.85
5.9363304050264	1
5.41401840191998	0.85
4.55098572029504	0.95
7.91388891976329	0.95
5.04461451673979	0.95
5.39888990355678	1
5.07923038069524	0.85
4.51154595849379	1
3.39474854575125	0.9
6.81590214558996	1
4.14176210873207	0.95
6.79622511324835	0.95
6.24052527975305	0.85
6.93580989578964	0.9
7.16555833718924	1
6.54126348088146	0.95
4.51845644812639	1
4.69394762660838	0.95
6.64426092019817	1
5.50129229183941	1
5.07391506198328	0.9
3.58591300207181	0.95
4.90445355328188	0.95
5.58883298035548	1
7.32944817669964	1
6.51913078492375	0.9
4.8218087547856	0.95
5.10501049973354	1
4.97945691887329	0.9
6.14465546148857	0.85
7.14891640883561	0.9
7.32262596763048	0.95
5.65381500479477	0.9
4.38063637648964	0.95
3.64966900101346	0.9
3.84989306390763	0.95
6.31930644637333	0.95
3.67029568802334	0.9
4.9793818628171	0.9
5.31692236542525	0.95
5.8032788621354	0.95
3.76818577955347	1
5.04239614234346	0.95
4.28241045324375	1
2.2340781155006	1
5.84946991110068	0.9
5.16553889034738	0.85
3.93729044255014	1
5.82716780544017	0.95
5.40744620370954	1
4.87890900515069	1
6.42631319345023	0.95
5.27081278363411	0.9
7.02210411467087	1
5.32273197079154	1
5.13602953617899	0.95
6.38040306676386	0.95
5.75176780439284	1
8.28857526441594	1
5.99953998384729	1
4.2853082397685	0.95
4.58114038935153	1
4.24798860042737	0.9
5.53800448091758	1
5.53105640488551	0.95
7.43819886929886	1
6.08097438692315	0.85
7.25541532686244	0.9
3.60573522393501	1
4.2305809184215	0.95
6.46062343340359	0.95
4.93776345620632	0.9
5.10772906457195	1
5.77850855420125	0.9
6.32077496443756	0.9
5.06974806903885	1
5.84391317582587	0.95
2.57434967533948	0.95
4.67872970567651	0.85
4.97815227425232	1
4.85432133614418	0.95
5.01572615563304	0.95
3.64882052122157	0.95
5.93211531702459	0.95
4.76511370796779	1
3.91098067781775	0.9
6.3783848767982	1
5.92476208538343	1
5.88854519696637	1
5.6193889524412	0.95
6.07961386728699	0.95
5.57252549826299	0.95
4.67940946668086	1
4.29825466591336	1
4.68396885975264	0.95
5.35091320484327	1
4.98427855954315	0.95
6.73884956813203	1
5.69585872232185	0.95
4.52346888620427	0.9
2.29531731123439	0.95
6.58188237230492	1
4.57742920502025	0.95
6.53418190516361	0.95
4.50667261375916	0.9
5.71347413292019	1
4.5738323467294	0.8
4.5466679935138	0.95
4.97551971486507	1
5.0457270521182	1
3.81457100701995	0.95
6.83011492582762	0.8
7.81602985710283	0.85
6.34971594355368	1
8.14751029329038	1
5.07340964115804	0.9
4.39834687862945	1
9.29775034607871	0.95
6.22887262761928	1
4.1038380695556	1
6.22116031837498	0.9
6.07803863723907	0.95
4.56517379276198	0.85
6.78353138680507	1
3.48486194706834	0.9
4.26642175846784	0.95
4.11731691729234	0.9
4.51268729370048	0.95
6.13208519983555	1
5.12321787341784	0.95
5.16663901114277	0.9
4.88047636790476	0.95
6.09940967987675	0.95
4.95521882512905	0.9
2.09754142134735	0.95
5.29607274908533	0.9
3.65175066056394	0.95
3.9418829744712	0.9
8.67198000523902	0.95
6.27045422851005	0.9
5.1833124870945	0.9
6.58192070009878	0.9
5.53684853275531	1
6.18698018400111	1
4.8703897203871	0.95
6.49272576979648	0.9
4.53056202191705	0.9
4.40524555292193	0.95
5.36293326227063	0.95
5.9162209219347	0.9
5.62179556906257	1
6.01337788504227	0.95
6.47719134893638	1
5.11478168386648	0.95
5.72489754205364	0.9
5.19725868122748	1
3.4097829609797	0.9
4.93218256711809	1
4.4823820243388	1
4.91604210429356	0.95
5.9696540822085	1
5.60972567256496	0.95
3.53287931446174	1
4.15348097092826	1
3.83767900669691	1
2.98107285208762	1
7.18654009844305	0.95
6.17120274000752	1
2.03875504491083	1
7.02501914313003	1
5.29200150896801	0.9
5.15338259833175	0.95
3.66658094171333	1
4.57520444824309	1
3.16906719559449	0.85
7.47998150088342	0.85
3.39180633261699	0.7
5.6716163480524	1
4.49754852626097	1
1.486706322424	0.9
5.59228061604729	1
6.53540523854698	1
4.19019834431997	1
2.62197760422843	1
3.84491533157943	1
3.90436228015765	0.9
4.49179201720503	0.9
4.86730652190892	0.95
3.91426059377379	1
6.24514311972573	0.9
3.48950925304709	1
6.11575524591029	1
3.09447131846309	0.85
6.56220263849919	1
3.18311782092975	1
4.13486779188014	1
4.30685635309464	0.95
7.57044488033497	0.9
7.40608458608785	1
5.93013787704728	1
3.90595279416097	1
5.46764912259886	0.95
4.88032511296444	1
4.05491763290179	0.95
5.29998034141286	0.95
4.33297381973481	1
4.77327581188262	1
3.75869146485333	1
4.48460673786627	0.9
4.0618919270378	0.95
4.57592609104748	1
6.07443987294564	0.95
5.27601220921088	0.95
5.30076581579905	0.95
5.27558867781954	1
3.9724257052919	0.95
5.40970811894016	1
6.28263333677017	0.95
2.72791963357303	0.95
3.42074733328487	1
4.66032908899313	0.95
4.25839339737827	1
4.111712479405	0.8
3.18858375394323	0.9
3.69817263816483	0.95
2.66547113208921	0.95
6.09203661451197	1
5.05852763338488	0.95
3.86030579082108	1
3.37129835767827	1
2.97525902575045	0.95
7.15994536479864	0.95
4.06923212610782	0.9
5.37998666998753	0.95
4.66608902675621	1
6.80504319257691	1
6.83712505862534	0.95
4.53508967152364	1
6.96275360495614	0.85
4.37398345505376	0.9
3.99462262860174	0.95
6.48295789565666	0.9
5.42919815333057	0.9
5.46746837660988	1
3.34847129056498	0.9
4.43139654317597	0.95
5.74465925751633	1
4.09276754887062	0.85
5.81936824806091	0.95
7.02254029529759	0.95
5.55103474242484	0.9
6.14100612307386	0.95
5.26396969015385	1
4.90928275651058	1
5.26190521550507	1
5.61514704320021	1
5.50911616370966	1
5.84217795296101	0.95
6.27822545478967	1
4.43817360693676	1
5.04661932019866	0.95
7.26492298242505	0.85
4.86947430128021	1
4.10851781957506	1
6.06838083197974	1
4.44676720394842	0.9
5.56299772466619	0.9
4.37126772247926	1
6.85282732786991	1
5.57402220707273	0.9
4.066950177687	0.95
3.8960904516844	0.85
6.91604597233592	0.95
5.53229736356654	1
4.89862074013299	0.95
4.15150658450307	0.95
2.47909020857353	0.95
4.71670563708207	0.85
4.86575881773339	1
5.28628692269868	0.9
5.33949499199409	0.9
3.35318796818211	0.9
6.7205075875279	0.9
1.65589168262635	1
6.17022762101702	0.85
7.80826075105315	0.9
6.88912372684976	1
5.73350552026696	0.9
4.60053533959075	0.95
5.92797502612621	0.95
5.52661250441628	1
5.9882298557433	1
4.28239842819988	0.95
5.37056467283196	0.9
3.7176315971993	1
4.12961575366221	1
3.9032686935209	1
4.08690461590317	1
4.88627990573618	1
6.81547116671853	0.95
3.34209699045373	0.95
3.4222780029393	0.95
6.63063219673699	0.95
8.16229946103991	0.95
3.55369705903202	1
2.22001797044106	0.95
5.32845374889761	0.95
4.67252503516641	1
5.47953684906392	0.85
5.50380792269722	0.95
4.66746200270005	0.9
7.33056499390001	0.95
4.29982068993656	1
7.87444438420209	1
4.64085523837409	0.95
5.03465548483773	0.95
2.66805126728399	0.85
5.38387650222769	1
5.94832506205837	1
4.00798498312467	0.9
5.77541108453471	1
4.80318841446159	0.8
5.55429212791188	0.8
6.81725936205509	0.95
3.92181018906394	0.85
5.7779845730316	0.95
4.06806789873855	0.85
4.13609677677686	0.95
5.41221602071857	1
6.34289425717409	1
3.92986452206969	0.95
4.70911665766194	1
5.9895983747092	1
6.66597958398176	0.95
4.0905765583448	1
2.84401860415189	0.9
4.83760243292096	0.95
4.17767654322286	0.95
5.82951616295238	0.95
7.28634136149673	0.95
5.66699293447403	1
4.86674509899091	0.9
5.17757928742399	0.9
6.38632394859569	1
4.02333213065102	0.95
6.22802526341114	1
5.95978807273973	0.9
5.10663037346422	1
4.40923937695979	1
5.00115032515257	0.95
5.17813427298397	0.9
4.73285755778102	0.9
5.545736806362	1
5.17688185403991	0.95
7.65626826203995	1
6.11496349596172	0.85
5.32307944206079	0.95
3.90786663084124	1
5.82175483803903	0.95
4.91209291743018	1
6.112681516328	0.9
3.87673380381608	0.9
8.89303368712343	0.85
6.30424098672893	0.9
5.17755849054994	0.85
3.01527304720567	0.95
5.92454268872308	0.85
5.29339647330078	0.95
6.21905127577281	1
6.16906015724851	0.95
5.78813262839182	1
3.21336193962262	0.95
4.61584983231301	0.95
5.00608284407225	0.9
4.35666433347529	0.95
5.52769786929716	1
2.36274322515824	0.95
2.4078474700876	1
6.49229560048147	1
2.97295424876356	1
7.16706641833949	1
3.71564029176552	0.95
5.28954937929888	0.95
3.85428623029008	0.95
6.66230213636737	0.95
5.68772799103217	1
4.98730640299541	0.95
4.68410901003037	0.95
7.31580103573313	0.95
7.0646907873847	0.9
3.51874536063609	1
4.81895634988898	0.95
4.66263311187474	1
1.95083041014975	1
6.07114328273505	0.85
4.50559903985445	0.95
4.68892663523927	0.9
4.63947203453202	1
7.12772777862566	0.95
7.01853203497083	1
4.74152986481527	0.95
4.13678459096781	0.95
3.8974074595927	1
4.2124222633479	0.9
5.66302858458177	0.95
3.65874654295624	0.95
6.77323086661905	1
4.78273856162939	0.95
6.61857005766204	0.95
4.01127036790128	0.95
3.75460571973876	0.95
7.35320549304299	0.9
4.08006873411281	0.85
3.56576093786481	1
4.92270562899373	0.9
5.95275072238118	0.95
3.52096142656464	1
6.10247721042261	0.95
5.39603066455334	0.95
6.0748168219258	0.85
6.48483815024727	0.95
3.94194534687707	0.95
2.91912456011935	1
5.04167731243201	1
5.17653133877029	1
3.47078800583862	1
6.58229197251824	1
5.61659391989095	0.9
3.50466579465353	0.9
4.68176718078685	0.95
8.40608755744932	1
7.30896785491876	1
7.20485852198544	0.9
7.16223394735086	1
4.97192589281962	1
4.11264544963245	1
5.65229443158735	0.85
5.34627387321688	0.9
5.09657753025307	0.95
5.23911131108976	1
3.3567135277902	0.9
5.99920248131465	0.95
5.86940178765019	1
5.90557113430665	1
6.99680724653636	0.95
4.12708597960214	0.95
4.41719828971419	1
5.85588229238557	0.85
5.86307802046843	0.95
6.7916347180914	0.95
3.61848540160976	1
7.80326664946676	1
7.66691039179081	1
4.56488805898441	0.95
3.343224809696	1
4.83986454246483	1
5.98378390536758	0.95
7.06321904857631	0.95
5.2210147943288	0.95
6.94875092265368	1
6.28400843767224	0.9
4.69814404821635	0.95
5.57094640144047	1
4.64239715416912	1
4.76234397485967	1
8.37964815515374	1
3.65549385685256	0.85
6.18934150805313	1
6.30218369841722	1
4.88007973570377	1
4.92413885910025	1
7.65862216805527	0.9
4.49372602103422	1
5.8004284116719	0.95
4.72808648940947	1
6.13932201256663	0.9
4.94291805840836	0.95
4.75853340575224	0.95
4.03547745973532	0.9
7.29806201744132	1
6.26490624795656	1
5.42512855267669	1
3.74451711609503	0.95
6.51391114199488	1
5.21057114738141	1
2.76985911921156	1
5.87042430388601	0.95
3.48595592092705	1
7.27592376138485	1
4.12334562449981	0.95
4.27224792314682	0.95
5.75087748506295	0.95
8.99000707899686	1
4.37738426604982	0.95
5.87274138701142	0.95
4.17278938878223	0.9
5.17024771751716	1
6.3899500631759	1
7.37998479220419	1
2.69504624772025	0.95
6.25648160522117	1
6.04910149860808	1
4.09286874341099	1
6.55377199400726	1
4.48102165081857	1
6.29778749477132	1
6.02925233641284	1
5.05969958665121	1
4.46378937644539	1
5.70914076806456	1
6.04281973235064	0.95
5.35249445264328	0.95
6.50122368696533	0.95
7.36456467691815	0.9
5.88311312421674	0.95
3.83666041867258	0.95
4.55027583815897	0.9
3.49847833650568	0.95
4.45898584295938	1
7.8726969450332	0.95
4.34809746303926	1
6.38500741686986	1
3.50372055605407	0.95
4.99598123148452	0.9
3.71868002593648	0.9
5.76573806732861	1
7.19322654131451	1
3.88767256709179	0.9
4.73685406054251	0.9
6.19634297369728	0.9
5.94995246379001	0.95
7.19474635728225	0.9
5.5101618637304	0.95
5.64447204506776	0.95
7.93225060903736	0.95
5.55493112228148	0.95
4.82529966170871	0.95
7.35342814552982	0.9
6.46056651517366	0.95
6.31018080683326	1
7.70361963301775	0.95
3.61378787736608	1
2.65169995756932	0.95
4.7146225607142	0.95
5.41631518188793	1
6.40533336375618	1
4.7746858303683	1
4.61503528509895	0.95
6.87322963910874	0.95
3.37327968989508	1
4.13960147015806	0.9
4.72913453872136	0.8
5.00556426517912	0.85
4.59357485984786	0.95
6.14243151965993	0.95
3.2602664694744	0.95
4.14306240108993	0.9
4.27394481849293	0.9
3.26399150686048	0.95
2.81255811294977	0.95
6.72281547279171	0.95
3.49202282697781	0.95
6.37055787868332	0.95
4.23616170722181	0.9
3.82848260315707	1
2.5390669902354	1
4.95698308049357	0.85
5.05024169144237	1
5.86986064009351	0.85
4.950949792238	1
5.85241835297563	0.9
6.0150282744851	1
3.86466065751611	1
5.30091744296647	0.95
5.01421266921673	0.95
5.62461285946904	1
3.62644078633241	1
7.20107004069883	1
5.80556671760394	0.95
6.40619553455174	0.95
4.04301617271071	0.9
6.10658137261219	0.95
5.25135393950979	1
6.21393016505052	1
7.18214361412367	0.9
4.59850118886877	1
4.41929697713093	0.9
4.9967013287594	0.95
5.68683273778304	0.95
7.34931325726127	1
3.20312314634993	0.9
4.5092967237831	0.9
5.5633233784176	1
6.21154412813379	0.95
5.44397621409711	1
5.74631727142238	0.95
4.98922856455634	1
6.94258699524516	1
4.58326305203662	1
2.10350979087345	0.95
5.34661679199091	1
7.0066122866196	0.9
6.08264133646589	1
5.47099495726789	0.8
7.06840028224639	1
6.34255951657056	0.95
6.27953271295872	0.95
5.21878315746731	0.95
4.70531475281896	0.95
5.79629375749666	1
3.48053961687805	0.95
6.52524154269913	0.95
5.94025894577793	1
2.77875813773971	1
4.31815443154068	0.95
5.23386710368372	0.95
7.21769605300867	0.9
6.83656090673311	0.8
4.66216233863176	0.95
5.33927742026745	1
4.0268455172514	1
5.92963612735735	1
5.54736198301668	0.95
6.03959782104879	0.95
2.64295997372852	1
5.92132866735851	0.85
3.46108021244996	0.95
4.57882915170873	0.95
6.68220109138209	0.9
5.92775642724232	1
6.06773260294091	0.95
4.35585013116403	1
5.35447133344637	0.95
5.27800462554637	0.9
6.85216995095252	0.9
1.32218891036051	0.9
4.81792726129878	0.9
5.74290814719358	1
6.83152215189504	1
5.586822485577	1
4.73125166260191	1
4.84722908276125	1
7.41830260119233	0.95
4.07818814287219	1
5.41346765685456	0.95
7.12568646490099	1
6.43393304213419	0.95
6.51283595810058	0.95
5.3648965912657	0.95
5.25772209875992	1
4.53713019088505	1
4.60063885845761	1
3.77250063782591	1
5.26435756170485	1
6.82902066956408	0.95
4.12649137159903	1
6.88128538223499	0.95
4.51969567714739	1
6.25916495779078	0.95
6.23963451407275	0.85
5.30070843728138	0.95
5.28964667154123	1
5.92293844425856	0.95
4.2824883239468	0.95
5.55188604670747	0.95
5.19068690789085	1
5.12926037733482	0.9
4.85512760469969	0.8
4.67196845526253	1
4.40817058582772	1
2.82960204663632	0.85
4.12503521653872	0.95
5.81670105028764	1
2.96774338287244	0.95
5.79202385795626	0.9
3.26755099880608	1
5.08562891887279	0.9
4.53061672268532	0.95
7.62278468157724	1
5.72802709170796	1
5.84580076454637	1
6.67324327169637	0.9
4.43836111645254	1
3.21316572419599	0.95
7.59017607202164	1
6.00056777965591	0.95
4.37782956912569	0.95
5.43548330511068	0.95
4.73327207780337	0.9
7.37645127134253	0.85
5.66816631004752	0.95
4.51423712720174	1
3.91548463002524	0.95
4.00639545137667	1
4.17224206184565	1
4.56138972255983	1
4.36900734236679	0.9
5.17070678235577	0.9
4.18299671254381	0.95
4.09868244415823	1
6.90101888665617	1
3.86877855958341	0.95
7.02503080589174	0.9
7.12263143258777	1
6.08600385078419	0.95
5.73370807925418	1
5.80290132665871	0.85
4.24588303193705	0.95
4.79608974473526	1
5.22460114515857	0.95
5.84498157964241	1
4.35738300313312	0.95
4.23187450840198	0.9
4.95593197848233	0.95
4.97033970917343	0.95
3.33108420944947	1
7.44598167764324	0.95
5.20481172694305	0.95
5.52836798640263	0.95
2.86946286395481	1
5.69599712269376	1
6.70299212312759	0.8
4.36632058779926	1
6.39133779167348	1
4.7056012079956	0.85
6.15297395419319	0.9
3.26655744442785	1
3.82249382791104	1
5.89358079556835	1
4.75582187995361	0.8
5.20577852508577	0.9
5.06952525847028	1
4.40150997417934	0.9
6.57306438875317	0.95
6.75000146286302	0.9
5.23972288386231	0.95
4.01868545171835	1
6.28288203224034	0.95
3.51740408640615	0.9
5.15437379504415	1
5.77673791727382	0.95
5.2479430848693	1
4.72862589657046	0.85
5.3742676114513	1
5.50480016645362	0.95
4.97682018863896	1
4.98898657948476	1
4.76749693444229	1
4.54534120352423	1
4.18794601272397	0.95
4.36944974501638	1
3.69346803313758	0.95
4.69088621848866	0.9
4.83682015052799	0.85
7.27576528947843	0.9
4.48392735960769	0.9
5.44892643764489	0.95
6.84177695593003	0.9
4.50810327671258	1
4.12836400111864	1
5.92695781230412	0.95
3.79630275086017	1
5.51368743423631	1
4.93043611496106	1
4.40602106158879	0.85
2.01749321723269	1
5.27632288112422	0.95
5.9591765320651	0.95
4.38683936660918	0.95
6.34993329657588	0.85
6.07951250352253	1
2.5443179069672	0.9
3.57021080495714	0.95
3.52210988396474	0.95
6.67756437613096	0.85
4.05476864810229	0.95
4.80283592291741	0.95
5.18344787598	1
6.34527557157956	0.95
4.84464308055789	1
3.75835206342695	1
6.0405780472825	0.85
4.65494187434139	0.9
5.15239740997762	1
3.3132274972495	0.9
5.70348104803079	0.95
4.92985479199249	1
5.72908702688657	1
3.80195473252202	1
5.40593685205259	1
4.74730320410531	0.95
3.72955217533856	0.95
2.7543311330619	1
5.35837638732732	0.85
3.80353027990513	0.95
6.32700870824189	0.95
2.98944295472663	0.95
7.35441872860424	1
6.12534478287776	1
4.79338127753628	0.95
4.09473624222687	1
3.91930106800041	0.9
4.71095213477532	1
5.32856323413132	0.95
7.0643680025537	0.95
4.51691019107348	0.8
5.80605414102085	0.95
5.3400268154622	0.9
4.59389593990483	0.95
5.74366050617948	0.9
3.17938978816092	0.9
4.36411801660127	0.95
5.5454610602084	1
3.4804366919445	0.95
6.07875754753145	0.85
5.33267422924025	1
6.85210008038942	0.95
5.79973216677876	1
5.53090977832386	0.95
3.6504956969295	1
2.84585526964955	0.95
3.39798735867394	1
5.84058663314035	0.8
3.97054738550484	0.9
5.04551627125277	0.95
3.80485369501458	1
3.45257063369604	1
5.00392117920983	0.95
4.24404043415053	1
3.04286110085229	0.95
4.24414716323612	0.95
3.69798915981378	0.95
4.62367715409893	0.95
6.40684119104471	0.9
4.29030587119717	0.95
4.07432073356115	1
5.42056151413897	0.95
5.99958471332515	0.95
4.76626255964739	1
1.85016127901062	0.95
6.31144604282693	0.95
6.08402219427136	0.95
4.81104109976616	1
6.33451903925338	1
5.11492915932378	1
3.11299116961657	0.95
2.85612449218938	1
4.68865098486966	1
3.9778091593842	0.9
4.73326444672959	0.95
8.36784589803381	1
6.19391444502754	0.9
5.09559078348646	0.9
4.42069266156479	1
5.76777049647415	0.95
6.59629224714516	0.85
7.29001239375066	0.95
5.04998367207113	1
4.97083488417319	0.95
5.85298275365099	0.95
6.54922846965768	0.85
5.96840195662945	1
4.77089503428172	0.95
6.01429882750164	0.9
7.63039454419854	0.9
2.93447675891906	0.85
5.08058519883912	0.9
3.96406848675641	1
5.62571511397957	0.85
5.10278931431809	1
4.57449199673801	1
3.6165778215226	0.95
5.61213006914349	0.95
4.41376026415831	0.95
3.42241276742494	0.9
3.80683008983599	1
5.86769882958151	1
6.89561749917794	0.85
4.99138222808168	1
3.58803608076221	1
5.86024766388651	0.95
5.87665364670278	1
2.62430741339659	0.95
4.68792643002024	0.9
5.29889216657982	0.9
7.77499870951726	1
3.96924206213335	1
5.57990943108096	1
4.60410012012044	0.9
4.17504329244681	0.9
5.58337889599964	0.95
3.7972357664827	0.95
6.02675860812609	0.95
5.28786833477524	0.95
5.20952351565816	1
5.45119376472503	0.95
4.66431280908113	0.9
4.20206396528279	0.9
6.06583737327925	0.9
5.44053803253926	0.9
4.49779522759358	0.8
4.19272882364106	0.95
3.31314853863334	0.95
6.34390022134179	0.95
6.05032637805215	1
4.11334060273036	0.9
6.4201421720945	0.95
3.79293938055239	1
6.6638894575507	1
6.37184956121769	0.9
5.64122379123162	0.95
5.3109071880842	0.95
5.56634667926967	1
7.07250184902531	0.95
6.57026127557496	1
4.40145858400174	1
2.55003182853739	1
5.86355621555607	1
6.32400081702878	0.9
5.31303814269513	1
5.25900001504969	0.95
6.98591567454448	0.95
5.0141459959062	0.95
5.34462364852049	1
5.26402741187491	1
4.92837427594977	1
4.50493159842307	0.95
6.74434234050509	0.95
5.35519920004412	0.85
5.05289033485458	0.9
6.40138220187406	1
6.7290742625354	1
3.64221308359742	0.9
5.10738484229995	0.95
5.43910889293172	1
6.71404931042483	0.9
6.95325590132333	0.85
5.17866477098646	0.9
7.95520406613739	1
6.84511846905935	0.9
5.60182696290893	0.9
2.19504943648821	0.95
7.73022427691655	1
4.50825974877546	0.9
3.89598865771407	1
4.95129487426171	1
5.44634600567602	0.85
4.79936273605428	0.95
4.47770741268982	1
5.83594859916671	0.9
3.71627021282025	0.9
3.27598791691741	1
7.41474061451481	1
4.70450870113352	0.95
4.49585501128142	0.9
5.02034941012913	1
5.99488706620637	0.95
3.30567580713372	0.95
5.24293412085536	0.95
6.60960988830015	1
4.84406840446897	0.9
3.91668879506302	1
3.31599746715765	1
4.61385519530135	0.95
6.48380438438006	0.85
6.72713871626346	0.85
5.68212706127724	0.95
4.64107956653103	1
3.83402121637149	0.95
4.97840598746439	1
5.12847697118741	0.85
2.68282437381391	0.95
6.19021795439658	0.95
7.76440485830124	0.95
5.55281599154409	0.95
5.76541417057235	1
6.71594985245889	1
3.56513689331317	0.95
5.59767539591959	0.95
4.28352195268627	0.9
5.34211238589563	1
5.70694994709816	0.95
4.23030784883482	0.8
5.78965775086217	1
5.41289995785411	0.8
6.09181463115827	0.85
5.32756200527508	1
4.89098888814313	0.9
4.20784778819854	1
4.8300653202632	0.9
7.77141272115496	0.95
3.11332051181895	1
5.21887478282557	0.95
6.9034962085362	0.95
4.05114599543753	1
3.00069532882906	1
4.48309151742861	0.9
4.18250147874816	1
5.85409810314096	0.9
6.9312186327058	0.9
5.95868732725807	0.95
5.10665934094591	0.95
2.90196371076106	1
6.70247709409332	1
6.3496281297782	1
5.68653870905652	1
4.95341189295691	0.9
6.21838645108721	0.8
7.68827575301671	0.95
4.70785407425128	0.95
6.07535719419837	0.8
4.21061788933383	1
3.52870144735105	1
2.1568414204586	0.9
5.39596222401334	0.95
5.07103767968341	1
2.56781100290851	1
5.58344237467162	0.9
2.39532725146319	0.95
5.79665515871794	0.9
4.21433011593115	0.9
5.6436653954999	1
6.18672058878392	0.9
5.4785531950443	0.95
5.16287046254306	0.85
3.51977093840071	1
3.59449064256083	0.85
7.31400007359147	1
7.33738989193331	1
5.06014326964023	1
6.42977058755874	1
4.92303841971576	0.95
5.17160831094363	1
6.927594532957	0.95
5.72432354509746	1
6.15520608352913	0.9
4.58637330728592	1
5.74385411568246	0.95
4.02089076272648	1
5.63946826550405	1
3.97172973290408	1
7.83444134974317	0.95
4.19115014888813	1
3.49048734441922	0.95
5.91083343832815	0.95
6.42420335911281	1
5.35105788151646	0.85
5.94992588283865	0.95
2.37531304083162	0.9
3.54105034082203	1
6.74733515972716	0.95
3.64860379854535	0.9
5.31112859081804	0.85
7.33199759271294	0.95
5.21073974727272	1
4.94089664979289	0.9
5.25501215586771	1
4.11085275820868	0.85
6.84775085625577	0.85
6.10612501474762	0.95
6.56077400610563	1
6.62051413918028	0.95
3.96248428784193	1
6.45690232887934	0.85
3.59363606292175	0.9
5.67379624509112	0.95
6.01460105353742	0.95
3.62220318573238	1
5.24099673917234	0.9
5.18546551642137	0.95
6.67279855322636	1
6.49340897487974	0.95
4.00556615331496	1
5.27050298071552	1
3.98132111229736	1
7.18409430317822	0.9
4.77365618409205	1
6.61049661340295	0.95
3.99964631307722	0.95
3.93415395025779	0.95
4.27545439710458	0.95
5.43706559816474	0.9
5.04688644671334	0.95
5.02773805983305	0.95
6.57619609006378	0.85
3.87264700000499	0.95
6.00503142346713	1
4.9202180560481	0.9
1.74581276634447	1
4.74057307178556	0.9
4.78022223770764	0.9
5.69944350871477	0.9
6.54245642324216	1
5.78200412082523	0.9
5.59224132579163	1
5.99011700669171	0.85
5.3530010618342	0.9
5.33686703828082	0.85
4.06901861385151	0.95
3.79077837393509	1
4.58263490138271	0.9
5.69558378177675	0.95
6.116672758946	1
4.870541002966	1
5.17503477549694	0.95
5.60478143268034	0.95
6.65397836775705	0.95
4.13642531112597	0.85
6.9615495828736	0.9
6.91986695013371	1
6.07485480872133	0.85
6.35809772650639	0.9
5.52255618979926	0.95
5.6265022626571	0.85
5.84822165993749	0.95
4.33490939982112	1
4.53738359114675	0.9
2.67956927662429	0.95
5.05770587242634	1
6.47627761166936	1
4.01646882626975	1
4.68305016196809	0.95
5.40680590607954	1
2.82759719374628	1
2.81955230157942	0.9
7.79877796748696	1
4.25714099665494	0.9
4.28520559999848	1
5.77794413597105	0.95
7.1689153207518	0.95
5.72132821321043	0.95
4.27553913796824	0.95
5.34828176095537	1
6.73643680446962	1
4.51794639254663	0.95
4.6996702503558	0.9
4.59315924114007	1
5.85257604000256	1
3.86459858095375	0.95
3.90130728468098	1
2.57697698959062	0.95
3.81539601582957	0.85
2.59362855840709	1
5.67330961729496	1
4.36791132010872	1
5.32352284806651	1
4.35719797926422	0.95
6.02229983156147	1
4.75447815462642	1
4.93964585872655	1
6.16720860164017	0.95
5.3246395517771	1
5.25413488514994	0.95
5.5390049523838	0.95
5.91080783339089	0.95
5.98963096680649	1
6.14185651796099	1
6.94778858142437	1
6.81991255251419	0.9
7.47721081587083	0.95
4.01073566697045	0.95
3.37798313551552	0.9
2.71344025818537	1
6.08615838002977	1
5.06586344721112	1
5.44606906029683	1
5.50421364577055	0.95
6.6557762849077	0.85
4.78867074746187	1
2.80610754181908	0.9
4.22202544246536	1
4.66629435179876	0.9
4.84824149465	0.95
3.66904378484998	1
2.46952277736713	0.9
6.0417280813933	1
5.71379803265679	0.95
7.08298428922855	1
5.63839795078199	0.95
5.39720964486077	1
5.53541460373984	0.95
6.98593323876124	0.9
7.09933103063393	0.95
5.59635058119537	0.95
3.64751483388309	1
5.83634679751966	0.9
3.95253522549822	0.85
4.57397875027459	0.95
5.69138844851546	0.95
3.55542746373437	0.85
3.86303208971059	0.9
7.28224092302797	0.9
5.32849067480456	0.95
7.36038291472144	0.95
4.11302581222649	1
5.82717800862087	1
4.26053919504192	0.9
5.40329060631704	0.95
6.70543919255376	0.9
4.34568832755192	1
5.08356930531346	1
3.80810436498625	0.95
6.27409162138446	0.95
3.93916677998015	1
3.91617035298066	1
5.74692511027928	0.85
6.10900429494519	0.9
5.22488338838759	1
5.86303240236705	0.9
3.63641953773579	1
1.99377377241549	0.9
6.62323670022332	0.85
6.84291574555566	0.95
4.52366660713462	1
5.10931809595457	0.9
3.15183615318982	0.85
6.94583754595848	0.95
4.19055670688556	1
4.10678167731322	1
5.48217874953615	0.95
5.50846455525603	0.95
3.79847778805873	0.85
6.65257140747478	0.7
5.24220682712691	0.95
4.33055438772289	1
2.70730890970765	0.95
4.54685903281421	1
4.64140859743211	1
2.16780980435659	0.9
6.375122443515	0.95
4.81092659233332	0.95
6.05662446480513	0.95
5.02214593403775	0.95
4.79100263224612	0.9
6.16658583788451	0.9
3.92709613549126	0.9
7.61216075916034	1
3.9311396244889	0.95
4.76791678182293	0.9
3.20793062955783	0.9
5.04200419107234	0.95
4.00295957371167	1
5.85586453354929	0.95
5.34460134050916	0.9
4.22780041682437	0.9
5.52894467174356	0.95
4.53002683245392	0.9
5.24218557962391	0.9
4.2176345020354	0.85
7.78415038246753	1
6.97036946977659	1
5.12494338474727	1
7.44976012670782	0.9
7.04237366796533	0.9
5.24998565365152	0.95
6.55661613077522	0.95
4.2144991034551	1
6.92645962641173	0.9
6.19061784225445	0.9
4.51574051757919	1
6.05132256541369	1
6.00984227609604	0.95
5.83016953816996	1
6.01125734597704	0.9
4.18686769413505	1
3.8800181084174	0.9
5.77168384905631	0.95
4.34881834285183	0.9
4.17333086805637	0.95
5.69225690403697	1
9.10826652666149	0.95
5.12440377356334	0.85
5.81742096223073	0.9
6.20540325020182	0.75
5.19901938019823	0.95
5.24568841495197	1
3.73619635813215	0.85
4.20840544438126	0.9
3.36028831223634	1
4.27441286790267	0.95
3.67779605371012	1
5.17207159481522	0.95
4.12572893363875	1
6.06354896829167	0.95
4.20865656970692	0.95
8.17469243737651	1
6.33274447987262	0.95
4.8861340039922	0.9
6.881176178352	0.9
3.75087084402135	1
4.58211380475879	0.95
3.32221314111442	1
6.24868778069489	0.85
7.9918267200948	1
5.24488060339325	0.95
4.55263656409882	0.95
4.35827383927939	0.95
5.35273955109412	0.9
5.79482036081212	0.9
2.29494810141238	0.85
4.20909130364224	0.9
4.75365381388723	0.9
6.86349599873029	0.95
6.23964337974517	0.95
5.30589219934835	0.9
3.33140310055871	1
4.93759349106422	0.85
5.31938115866669	0.9
4.93940396098055	1
1.64161634408534	0.95
4.96859296072606	0.9
3.85546793727801	0.95
6.22182347801004	0.95
6.60186659303562	1
3.52362629387967	1
5.01910874813996	1
4.27556580330063	1
3.3020170370066	1
5.37084059920196	1
7.12968012764276	1
6.1991778317366	1
6.86346903342949	1
4.1901151240533	0.85
4.81607070207208	0.95
8.46755092069599	0.95
5.37285894302523	1
5.14186413308751	1
7.04203420453052	0.95
5.54691501864108	0.95
4.03687516376735	0.95
4.68647099577389	0.85
3.7259892286701	0.8
5.17116078177722	0.85
3.75782451523255	0.95
6.67218926285692	0.9
5.1817017510363	0.85
7.20704674785464	1
6.44571896788376	1
5.94190633816081	0.85
5.93447519914254	0.95
7.00435155782986	1
4.50367176196205	0.95
6.79755949884736	0.95
5.47217568722091	1
6.46570227932284	0.95
6.49262129450132	1
4.61903245098065	0.95
4.29885218046008	0.9
4.40677166177859	0.85
5.44091927353113	0.95
4.74737269799706	0.95
3.83845228351176	0.95
2.9139501305195	0.95
6.0721288728096	0.85
6.50219111165525	0.9
6.64099491608598	0.9
6.68724660739588	0.85
3.7279594989378	0.9
6.30419775226697	0.85
3.66655801357231	1
5.06641318076768	1
6.82776288627205	0.9
3.0509702138257	0.95
6.34749484764332	0.95
5.54728516645924	0.85
5.09708001983878	0.85
4.73996852918749	0.9
7.05135430859237	1
6.77197774691304	0.95
5.12387335740704	0.85
5.27800150476202	0.95
6.13029754236992	0.95
5.63995362011227	0.95
5.25277923566309	0.8
3.11119807969983	0.95
5.285808033493	0.85
7.76962030081499	0.95
6.62463682593606	1
7.68675365003798	0.95
6.79341644072663	1
5.53788313232558	0.95
4.30236849215327	0.95
7.36593623927054	1
3.38862897949319	1
6.5693681303606	0.95
4.3484985118987	1
2.83681932738667	1
5.22312187237156	1
4.63319892012909	1
4.62829527877912	0.95
6.23473065059632	0.9
6.98788713320181	0.85
3.71668178036457	1
3.8705932620266	1
5.81152470097801	0.9
4.01501818463471	1
4.02729391708851	1
3.71858117929201	0.9
3.47921779723888	0.95
5.2647783871483	0.95
6.48729645566778	0.9
5.72556135948437	0.85
4.03089991587959	0.95
6.6037859825746	0.9
4.15564257083256	1
1.73152635956501	0.95
4.52516978578181	1
4.36851297487463	0.95
1.56976168463965	1
5.26191573804333	0.95
3.50306592991028	0.9
3.96972842961329	1
4.11674792224402	0.95
5.49515397596753	0.95
2.45438522051787	1
6.16225409341982	0.95
4.56412030563111	1
5.24812779801018	1
5.39586600276291	0.9
3.88637650486027	0.95
5.73228821096649	0.9
3.85471542975452	1
2.05334921713627	0.95
4.99742926139598	1
3.53867247741043	0.9
5.43760032494608	1
4.48265456009935	1
4.33580113174448	1
4.95883371947933	0.95
5.43401280807251	1
4.96165702596624	1
5.79221351527214	1
5.64504904432848	1
4.07808839669092	1
5.33625925583074	0.95
6.34046510069772	1
6.44110486169347	0.95
5.95684029117098	1
4.88250480835784	0.95
3.39048174882896	1
7.51220776008565	1
6.01856989317348	1
5.21716766834022	0.95
5.36768534953906	0.9
4.92775060443953	1
4.40811024703639	1
5.36455554718486	1
4.40198050471469	1
1.88962890329523	1
4.62992815710255	1
4.93395080694812	0.95
6.99827716155909	0.95
3.92458657412804	0.95
5.64619655498089	0.9
4.4630172444997	1
4.66336455013793	0.95
6.79996441666569	0.95
7.14320318731177	0.95
5.32037476343462	1
5.68628895396917	1
3.5523918900965	1
5.52025358895056	1
5.55448148600094	0.95
6.32126395377586	1
5.8242909463951	1
6.15033255866234	0.95
4.87567175066737	0.95
6.41974287007909	1
5.12813425319408	0.9
5.38850494362142	0.85
6.47886126096378	0.85
4.7501764729957	0.95
4.77217456030544	1
5.09798359920891	1
4.85691600523534	0.9
6.3554565345195	0.95
4.8134245182186	1
6.06067050603413	1
5.5450151840142	1
5.19800166046749	1
3.89906250155144	1
3.65232117587143	0.95
4.40128961387833	1
5.5495350413634	0.95
7.98486455327349	0.85
4.99400477126151	0.9
6.30362937954898	0.95
5.50917776876105	0.95
5.34923988939954	1
3.2573426181125	0.95
6.14756528420369	1
4.88637648703939	0.9
5.10711502913171	0.9
3.5457157803158	0.9
6.55039675910063	0.9
5.49017898093228	0.95
4.03702542673305	0.95
6.34104638382191	0.9
6.6880285132729	0.95
2.83125788670817	1
5.1648650174552	0.95
7.0369093784826	1
3.4042902212288	1
4.17279486908494	1
4.96804840012033	0.95
5.4558174940818	1
3.53486947685094	0.9
4.18623015904159	0.9
2.7039166497522	1
6.75422096952592	1
5.88567122830384	0.95
4.1171863118216	0.95
6.30865589679382	0.95
2.60054401469849	0.95
5.32743018392979	0.9
5.72232422820163	0.9
5.46611264097252	0.9
3.45457075961754	0.95
5.54392107020469	0.95
7.27428463219909	0.95
6.10395727068043	0.95
4.98590138549203	1
6.39608112708614	1
6.41325318823233	0.9
5.93906098839073	0.95
6.22471113098445	0.95
4.99178520068017	1
6.7475441361544	0.9
6.28054258774255	0.75
6.52963744760699	0.95
3.77268275102944	0.95
6.87859294133222	0.95
5.04733311621755	1
4.824871162404	0.95
5.28828708054801	1
5.20286330526767	0.95
4.47733874755745	0.9
4.34243357952327	1
3.54439130408455	0.95
5.01346602727049	0.9
5.57868735762306	1
3.73843871392253	0.95
2.68002019323835	0.9
6.3046255104843	0.95
6.85466944920747	0.95
4.23688320364071	1
4.75696882401677	1
6.22402898283899	1
5.75824138240718	0.95
4.25248657364232	0.95
5.17144622131211	1
5.6751751116243	0.95
6.30637214786696	0.95
4.06015828005969	0.95
6.37605992708358	0.95
4.84650438428747	0.95
3.75853773452535	1
4.26467333223456	0.95
3.60582494102489	1
4.33461697070331	1
3.96074011833823	0.95
4.88053321428686	1
3.97521864162117	0.95
5.26563597717143	0.95
4.92654834402214	0.95
5.26325446186771	0.95
5.15860041847238	0.95
4.86812263158534	0.85
8.655801956721	0.95
5.20258875438832	0.95
3.70057079162272	1
5.08012153523367	0.95
5.30238315446229	0.9
5.19519178691621	1
6.23427411230664	0.95
3.39270382042106	1
4.58351385797332	1
5.69651050815702	1
2.32904837375714	1
5.61682553332793	0.95
5.27396889731016	0.95
2.42629860429172	0.9
6.0196932349124	0.9
3.50782359976807	1
2.69354508920762	1
7.04240304390845	0.95
6.07046946703065	0.95
5.55579932104857	1
5.372748143651	0.95
2.93533113609809	0.95
4.82743990943095	0.9
5.70315188873887	0.8
3.51724363951287	1
2.15274909915137	0.9
7.19373243991968	0.95
5.18440680096668	0.9
4.32597222497102	0.95
7.76559507936539	0.85
6.04408151325921	1
4.24404046682871	0.95
6.79003395130061	0.9
6.65587966748337	0.95
4.99599390195308	1
5.67507002224556	0.95
5.88837068118294	1
6.79389633642973	0.95
3.12524334730302	1
4.24106143757066	1
6.50570804557537	0.95
4.4729090750905	0.85
4.26085649087616	0.9
5.62242274364867	0.95
4.67840152814712	1
5.30153461062166	1
3.69355941761558	1
4.21419262177287	1
4.88569405090283	1
4.81503866588873	0.95
5.48065174189093	0.95
3.94264537709186	0.9
6.23655968039371	0.95
4.35651943350098	0.95
4.40297172481618	0.9
6.86124374003427	0.85
5.30912904427851	0.95
3.67907486376556	0.95
4.48015425944308	1
1.7567578997993	1
4.83733842887488	0.9
3.08343260953425	0.9
4.9749935994647	0.95
4.13186991870792	0.9
6.78079516552529	0.95
2.77198735209814	0.95
4.64268230399715	0.95
4.96738257200572	0.95
2.63658718384044	1
5.5271272480128	1
4.58665197517168	0.95
4.03243361165685	0.9
7.61027362704261	0.95
6.44730220643566	0.9
3.77051173627041	0.95
3.4747128833231	0.85
4.53584305655712	0.9
3.96865123095138	0.95
5.88519507440286	0.9
5.15666112990962	0.9
3.14960375740684	0.95
6.25547653396437	0.9
5.98794130868918	0.95
5.8758984683084	1
3.95816832939106	1
4.30001090608299	0.95
3.14735896792583	1
4.53691888159735	0.95
6.71921585309798	0.9
6.09386016114665	1
4.72666344047158	0.95
5.15473803776899	0.95
3.3566533589176	0.9
5.66216992919353	1
7.02239164563426	0.9
4.93123304045933	0.95
4.15696062402773	0.9
6.15834057139652	1
6.88569547201035	0.95
4.58686558424902	0.95
5.81631937104717	0.95
4.85341928418887	1
6.50359801336549	1
5.02087680948295	0.85
3.54109797655139	0.95
2.15060706022776	0.95
6.00968747748402	1
4.33720811343885	0.95
7.63903000713773	1
5.57047088292298	0.95
4.39609485055528	1
6.75749596407194	0.95
6.96447440824487	1
5.60369290377141	0.95
6.26845390609072	1
6.35615540115597	0.9
6.06435593676456	0.95
4.90036378148108	0.95
3.52047793076209	0.9
6.76663865042191	0.95
4.50096042511028	0.9
4.50994445798946	1
5.25239575621393	1
6.90618084840067	0.95
3.25022612752852	0.95
5.24631596188159	1
6.22924938492292	0.95
3.46162168152751	0.95
6.28486013373283	1
7.10884171005683	0.95
7.28116640361749	0.95
5.85361398328058	0.95
5.90933537211737	0.95
6.86208257002363	1
2.50614802216278	0.9
7.24428081609972	0.85
6.7365749432694	0.95
5.04590575735544	1
4.53942083320012	1
2.28006523968652	1
2.78463900251184	0.95
4.38880474855603	1
4.50645465418557	0.95
3.81250273027523	1
4.83560826783622	0.95
5.12503339966592	0.95
5.53725020998325	0.85
7.54852133012415	0.9
8.7326662823304	0.95
5.26617271335282	0.95
6.92681889514449	0.95
4.5476737604879	0.95
4.02138907207738	0.95
5.71866426821792	0.95
4.51877061599701	0.95
4.9242025594173	0.95
5.83080938991895	1
6.21122211125155	1
4.14955307439122	1
5.64891525394628	0.95
6.63731343395415	0.9
7.10963307097752	1
5.80805429638632	0.95
6.36418691182185	1
5.28164740995498	1
5.88084605931478	0.95
5.1863553882218	1
4.52788829222498	1
2.89260774408825	1
8.20165394929508	1
5.54176807771731	0.85
3.78260123813496	1
2.63432896797824	0.95
5.53861516782489	0.9
5.12057720918095	0.95
6.22927328169421	1
5.88762012146126	1
4.69423729570139	1
4.74411137303758	0.9
6.40675166800893	0.95
7.00352414895819	0.95
5.34763102652816	1
4.71119436127658	0.95
7.89380698476894	1
5.06497794020526	0.9
5.79005115822898	0.95
5.29600252504915	1
4.893635696117	0.95
7.88171555894706	1
6.80501295681769	0.85
4.34289265738951	1
5.94027507659142	1
4.04520727395715	0.95
5.24902687828853	0.95
4.52975089501439	1
5.66603488282125	1
4.55911982338498	0.9
6.70924354495025	0.95
4.45686252349389	1
4.99172408872495	0.95
3.57353891217214	0.9
3.56782565993634	1
5.89417125525253	0.95
6.12811850769716	0.9
3.93139592598108	0.95
5.91262836941757	1
6.68864072756142	0.9
6.10641529459196	0.9
5.74280925707991	1
6.97422052153322	0.95
6.26938615459872	1
4.19698318291355	0.9
5.75165333208936	0.95
5.97491729523381	0.85
6.12771477608233	0.95
5.91584591091352	1
4.95368541291614	0.9
4.66485913781093	1
5.32590923873979	0.95
5.94284975615468	0.95
5.6413789244899	0.95
5.24877377646994	0.95
4.59179094024107	0.9
3.387247659456	0.95
6.50765092144629	0.9
4.48720320731778	1
4.7082896235508	1
5.07989360345147	1
5.14294624082001	0.85
5.92502455685271	0.9
4.40376065422144	0.95
5.83940295918472	0.95
3.6988552667843	0.95
4.83165889197898	1
4.92538411192072	0.95
3.73436848548978	0.95
5.40101542780741	0.95
4.42141725527938	1
4.0557402636629	0.95
5.80649081386203	0.95
4.8031545558299	0.9
5.08016580407528	0.9
5.03470168070985	0.95
3.36022735958348	1
4.03956106422024	0.9
7.94535226627049	1
7.07062455825392	0.95
4.67465400602346	1
5.25605442456154	0.9
3.94406714213656	0.95
6.21120685518756	0.95
6.57193664024223	1
6.21472124476001	0.95
3.7642560279294	1
5.360248753677	0.9
6.60082089521517	0.95
7.67703676490463	0.9
4.64158545897294	0.85
6.88412131862077	1
5.15620475526044	0.8
6.78457111962368	0.9
3.28556396271015	0.95
4.38636284387905	0.95
5.63077483303955	0.95
3.99163984273178	0.85
2.5028999689911	0.95
4.33727971070091	1
4.06493708669904	0.85
4.68870791603724	0.95
7.1478564750755	0.85
4.62269997645672	0.85
3.90396867256669	0.95
2.68460895466873	1
8.04655966187208	0.9
4.63167820592456	0.9
5.02776822103488	0.95
3.48454998470614	1
5.52250360517994	0.95
6.25522051624557	0.95
5.72622550525909	0.95
6.48854636298518	0.8
4.88150016924379	1
6.54529485885764	1
6.44398144143353	0.9
2.63005859916093	0.95
5.78287768416709	0.9
5.54362901326111	0.95
4.94332984078408	1
5.02389128248605	0.95
4.04856394859282	0.9
5.80345893369028	1
4.62165348909959	1
6.72945029880639	0.95
6.19507409303989	0.9
6.78887450867919	1
5.16590890662414	0.95
3.53107860564903	1
4.5401553340129	0.95
4.65716723659332	0.85
5.21965459652205	1
4.97455278456937	0.9
5.87022890042221	0.95
9.30409729427437	1
5.53395463312767	1
7.23454736734036	0.95
5.78890414621804	1
6.39555019219743	0.95
4.59209697904761	1
4.19211081369023	1
3.73654982628327	1
5.83461973770347	0.85
6.32992493964335	0.9
5.71961114203056	0.95
7.43838084991599	0.9
7.46423414480117	1
4.45946929651792	0.95
6.27095673502072	0.9
6.52127407380909	0.95
5.95361919590921	1
6.21998356876999	0.85
4.60288858370696	0.9
6.46741221243131	0.9
6.56506544630529	0.95
4.27762483772853	0.95
7.9486044735119	0.85
4.12388618800222	0.8
6.0243131457683	0.95
3.66429880103103	1
5.37213997993388	0.95
5.85942258857452	0.95
4.34579429206617	1
6.31199003141247	1
4.86978496536868	0.85
6.27423715046745	0.9
7.08962258268532	1
5.66054820275507	0.95
4.14998160823575	0.85
3.31755217841574	0.95
5.22837666915638	0.95
3.76521177003633	0.95
6.08886340450353	0.95
6.07871492015157	0.95
5.51599559284689	1
4.54404474332663	1
4.6999211157258	1
4.43160503070913	0.95
6.32003034092734	0.9
6.45801919001738	0.95
4.1506586397588	0.9
4.75101845176109	0.95
4.63653298146368	1
5.21954323272209	0.95
3.93193225191517	0.95
5.1245371320086	0.9
4.47553214453991	0.95
5.53727981265572	1
5.43798634775726	0.95
6.14837778914595	0.95
6.93396014385181	1
4.95094576013685	1
4.40384851950387	0.95
5.88488890617476	0.95
4.01386429782159	0.95
6.15883150087935	1
4.0982030466764	1
3.82883361989952	1
4.836433028441	0.9
3.32323013954462	1
5.73255724957857	1
5.69606994109327	0.9
5.04838630513457	0.95
4.47995380511707	1
3.34998934026557	1
5.46999723994293	0.95
5.24580489593229	0.9
7.24306924898119	0.95
6.74848929124238	1
5.13432621822429	0.95
3.74736176245465	0.95
7.09398977788547	0.9
4.80357658832907	0.85
4.72467150026671	0.95
4.22558268969112	0.9
6.31483627033582	0.9
5.37506476792035	0.95
6.75148586570208	1
3.88220585376408	1
8.12748001417949	0.95
5.17794748590739	0.9
4.71429072976512	1
6.34632176565307	0.85
5.89158928561064	0.95
4.32028563735433	0.95
5.66756966847566	0.95
5.79052167932293	1
4.90734961598967	0.85
7.73503179756839	0.9
4.43678430308858	0.9
2.25858271627907	1
5.87748816799895	0.9
4.03580081258661	0.95
4.24227954761501	0.95
3.42807224842234	0.95
8.43497303689701	1
5.58811993636709	0.9
4.18507319097701	0.9
2.38817645616952	0.95
3.49263204237633	0.95
3.93430556638782	0.95
7.10994451813001	1
4.7560216353045	0.9
3.88665037136586	0.9
4.09106624295747	1
5.12205409208075	0.9
8.85172353062834	1
4.74186081474364	0.9
3.32661219127273	0.95
5.82037516454454	0.9
7.29045112122996	1
8.13995140883439	1
5.88850149434385	0.9
4.33263421283888	0.85
5.27680438931307	0.95
5.72535796382455	0.85
5.55712207630704	0.9
5.01534323337834	0.95
6.93271617833029	1
4.56294071029786	1
4.51415624631194	1
5.04996906837867	0.9
5.5845376896267	0.95
5.68250797236529	0.75
6.71181168898697	1
4.12246331483927	0.9
5.86336347121242	0.95
7.37740567715813	0.95
4.38796206343277	0.95
5.6976589588782	1
3.94445826708558	1
4.58397659770603	1
6.1555919224141	0.85
2.33272117688604	0.95
3.82849654886684	0.9
4.84775113851499	0.85
3.21532644347141	1
6.37666786537098	0.95
4.16558137035779	0.85
6.02572309374101	0.9
3.51282837620541	1
5.36759356476814	0.95
3.12960744644059	0.9
7.37600928360826	0.95
4.30226596699648	0.95
4.7596552567744	0.9
4.81411432523235	0.95
5.24240312714656	0.9
5.42401947082587	1
6.67459059477897	0.95
5.51262509936074	0.95
4.95298168181017	1
5.94513241761301	1
5.94512860510742	1
5.45123370373591	0.9
3.81564205646545	1
4.14118904989505	1
4.70154266945243	0.95
5.89282315640212	1
3.26825961598088	0.95
5.86800283000017	0.95
3.44625167808042	0.9
3.10289152985806	0.95
4.60156500033498	1
3.39529608891929	1
5.61185396233666	1
4.62245463184881	0.95
6.0207771478621	0.95
6.43295930787017	0.95
5.45130460576966	0.95
4.97641083027533	1
6.43298087392477	0.9
7.55033620859271	1
5.17663434267231	1
5.19758524833384	1
5.97640519297427	0.95
3.59366427175147	0.95
6.43092372938887	1
6.13873803319804	1
6.20218833990368	0.85
4.15707824953229	0.95
5.60350750074671	1
6.93028416569597	1
4.30562773077807	0.9
4.41620842646362	1
4.50349316236886	0.95
2.38502784971444	0.85
4.77001203728428	0.85
4.68884189040872	1
2.66315435972318	1
7.16373159949054	0.9
4.02304327900239	0.95
4.14128276231614	0.95
6.47325327777133	0.95
5.46538275949051	1
5.95533321965227	1
3.22528015304389	1
4.73080335019561	1
7.04016090250974	0.85
7.08176176840326	1
2.87868493066307	1
5.47124795833079	0.95
6.31320895105237	1
6.05261605683581	0.95
4.10278343371871	0.95
3.13850332856386	1
5.1374869279196	0.95
3.70664827204486	0.95
4.77311075757677	1
4.31137436909609	0.95
5.58518123032783	0.85
5.13989500597601	0.9
4.99853504941859	0.9
4.05831577933326	0.9
2.83603331117726	0.8
3.09476370200029	1
4.70465067296892	0.85
5.97501027519581	1
3.62251593167611	1
2.86954278633399	0.85
4.79089659990753	0.85
4.77859800122501	0.9
6.14790958099975	0.95
4.7321145025578	0.95
3.26764596803298	1
5.53969378326751	0.95
6.75265787420672	0.95
2.45952326878372	1
4.1682587322843	0.95
5.94664854852696	0.9
4.23101619728387	0.95
6.67699776762516	0.95
5.90462256170283	0.95
4.50132965848522	0.9
3.77266276920944	0.95
4.19349240532809	1
5.35398007406456	1
4.84998267757421	0.95
5.66459163226723	1
3.19570875627663	0.95
4.14610986256525	0.9
5.98604474687544	1
5.01889702604789	1
7.3055665479397	1
6.06756658303444	0.95
4.59849033863383	0.95
6.18529901964016	0.9
3.46733624027991	0.9
4.22589058982903	1
5.78695440169016	0.95
2.67041338308941	0.85
4.15326458356822	0.95
5.94562144514422	0.95
5.49006405789137	0.95
3.189664887884	0.95
4.73297071464478	1
3.6873641788019	1
2.57086453900204	0.9
4.44593179820502	0.85
5.47988054490749	0.95
6.07952951858684	0.9
3.52074799921399	1
5.70353348659119	0.85
4.33389304529043	1
6.51771378424321	0.95
6.07482216059094	1
4.75778266082608	0.95
5.3116317998042	1
6.08617530143644	0.95
6.7400675755554	0.95
5.44007491853065	0.95
5.52574919467593	0.95
4.42095772355299	0.95
5.29359558466075	1
3.34004507589175	0.95
2.65539602059421	1
5.46085683446135	1
4.33955460911845	0.85
9.74692331022919	1
4.60184632351838	0.95
5.80146175338167	0.9
5.97490609774957	0.85
7.41010680256598	1
4.09410402590461	0.95
5.92103485878819	1
4.66827721787163	1
5.81666574125665	0.95
6.61649484855735	0.95
4.44721708958969	1
5.79234026609922	0.9
5.95402020638246	1
4.29794403172756	0.95
6.40909856122257	0.95
4.71253482745402	0.95
5.00347851746116	0.85
7.27558340967746	1
7.70711256156934	0.85
5.2414742809466	1
4.73192587659854	0.95
5.8875334572837	0.95
5.95380911890221	1
1.59132253520339	0.95
6.22015009278099	0.95
4.23599953998281	0.9
4.03977150178214	0.95
6.65741860894929	0.9
4.63065680950121	0.95
5.59911635725421	0.95
2.9478124704726	1
5.86997893059699	0.95
5.47636503891136	0.95
4.71792980695508	1
3.14178934016409	0.85
6.25243674267642	0.85
5.26001313905781	0.95
4.33140121770125	0.95
5.34318019185321	0.95
3.82306964732678	1
6.60968728752349	0.95
5.91954609151148	1
1.93028461475219	1
7.20041875197198	0.95
7.18125800019166	0.9
5.48494750835939	0.9
5.61004479453797	1
5.57632154350655	0.9
2.62971478782888	1
7.80747754136591	1
6.25953854487888	0.95
6.14125288995646	0.9
7.58373451978774	0.9
4.39301736868656	0.9
4.07826781839532	0.85
5.01094629308061	1
3.69624850399548	0.9
2.7730745777582	0.9
5.03386857834338	0.85
5.35198158504684	0.95
5.56957162454984	0.95
4.83015597115681	0.95
4.05627703907693	0.9
4.76647599528952	1
5.59130814909256	0.95
5.10924119286889	0.9
5.55877946151559	0.85
5.18080306911393	0.9
6.07739610227193	0.9
3.40123877529274	1
5.02877621778266	0.95
5.75741638936108	0.9
3.93375792574223	0.85
3.77556332319502	0.95
7.51603426907394	0.95
6.33924463367423	1
5.14206227850756	0.9
5.00836515847075	1
4.1628077679791	0.9
5.65135234288763	0.95
4.15154646259147	0.9
4.84556414841067	0.95
6.54769597669836	1
6.16493039390474	0.8
3.45987039235798	1
4.64851202273623	1
4.22280390294469	0.9
3.89194301018085	0.95
4.68940396301604	0.95
5.22140369467345	0.9
4.1579815936033	0.95
4.6350471535861	1
3.45758858445031	0.95
5.99807326570499	0.95
4.13169672074106	0.95
4.17453834473589	0.9
3.56352269962539	0.95
4.05498784165889	1
4.22748780913675	0.85
6.20900523166882	1
4.92879672113956	0.95
6.38235003265462	0.9
8.85811622265935	0.85
7.25140276744209	0.95
4.94697234863493	0.95
4.68548280819608	0.95
4.91498038881161	0.95
5.25175189068011	1
7.10648683897404	1
3.82815005727903	1
5.61107433160259	0.9
5.42131822831539	1
4.34359594673595	0.95
6.49077757489936	0.9
4.86630931297756	1
4.58710513736534	0.9
5.41039493978069	0.95
6.76828918585656	1
5.48775100776077	0.95
4.1130150328494	0.95
5.25334537109103	1
3.88816766434238	1
6.35240961327794	1
5.89514963795424	0.95
7.29177791647533	0.95
5.48159516256734	0.9
5.45090712509683	0.95
3.39291337078228	1
6.00352324392979	0.95
4.17841015645746	0.9
6.81771505774387	1
5.48466386206086	1
3.21621407819492	0.95
4.64896994836737	0.9
4.84637714418538	1
4.84510787588315	0.95
3.99669232596014	1
5.00371879678915	1
6.62593228763164	0.9
7.08279668337222	1
5.56882286565084	0.85
3.91678029147371	1
3.13402171802204	0.9
5.62809718575183	0.95
4.92277916201256	0.95
6.65335605056083	0.95
5.36520740304367	0.85
3.52780973584453	0.95
6.70146219256791	0.85
5.732129151183	0.9
4.96093144782206	1
4.09530668306389	0.9
7.72047758882339	1
4.21873960495188	0.95
5.06294875459262	1
3.68481965890331	0.95
5.13957409652012	1
5.28886911758365	1
3.01780363936074	1
4.22629362753199	1
7.70426199993446	0.95
4.86175408012295	0.95
6.20967389561694	0.85
3.12143780103028	0.95
4.532726318562	1
6.00789397408168	0.85
5.03389542463447	1
5.03400318931152	1
6.22392113464216	0.9
6.58527133453236	1
4.25822445253055	0.95
5.97235042435534	0.85
5.07310080867724	0.95
6.75332377856675	0.95
4.45939126469837	1
5.7489529286838	0.95
5.77207806379556	0.95
5.18490109106263	1
3.60025163584922	1
3.54317768075617	1
5.50553998908872	0.9
4.14272644955391	0.9
6.49408361583465	1
5.98941783785252	1
4.23338506230998	0.95
4.68116155366459	1
6.26238318013393	0.95
4.23239614115644	0.9
8.03396026482353	0.95
4.04620940471113	1
5.78400275167392	1
6.43582708795428	0.95
7.88665293322331	0.9
7.64613438260072	0.95
5.05452231467447	0.9
5.92535253361669	1
2.75804741092005	1
2.6452898111369	1
4.205681360077	0.95
3.56919992336462	0.95
4.87986439486592	0.95
3.67541414434116	0.95
4.31239420543668	0.9
3.42128643399458	0.95
6.20269596473644	1
5.46514834955739	1
4.43899910109285	0.9
3.86722657804104	0.95
7.14342502547049	1
4.04682630882378	0.95
6.27636308918183	0.95
3.9920278606991	0.9
5.47283629008929	0.95
6.74613166434818	1
5.52138679659302	0.9
6.3356177143514	1
4.03963481731195	0.95
6.10032192614496	0.95
3.45830848016652	0.85
4.38448110604613	0.9
4.43953287009506	1
4.89978828123843	1
3.58498531404607	0.85
4.10082639453024	0.9
3.66269286043322	0.85
5.82717489700678	1
4.86833818633166	0.85
4.11436794399508	1
8.04223629986546	0.95
3.45571665413881	1
7.19193535152375	0.95
4.14460861058649	0.95
5.14616231435388	1
5.84224659826862	0.95
4.5258966079637	1
4.68900362469876	1
7.69577633828755	1
3.12699322942625	0.95
5.66179369466406	0.95
5.22795474321258	0.95
6.0117948720539	1
4.94480664438522	0.95
4.65007206563065	1
3.31713952766008	1
4.65703153505522	0.95
5.19676400331051	1
3.0793916608933	1
4.89120570616154	1
5.39737046077807	1
7.37905648533728	0.95
8.62914453365162	1
6.13214350409586	0.9
4.55047435803271	0.95
5.54952859887356	0.9
6.11349850714372	0.95
4.26682100688102	0.9
6.94843950617617	0.95
6.36969407793369	0.9
4.13573774766428	0.9
6.00456172308601	0.95
6.39349520285529	1
7.00193320461523	0.95
6.66098286864307	0.9
5.56164720027837	1
6.51228979241271	0.9
5.56135835676676	0.95
6.05696709907798	0.95
3.90270359539619	0.9
5.03488728017405	0.95
4.01506643029834	0.9
3.27045227773196	1
4.63892658074403	0.95
4.18456103452171	1
6.33210607469481	1
4.64400646003873	1
6.42446645653252	1
3.87551162757716	1
5.28785751412833	1
5.77147730886117	0.95
7.61426614127905	1
7.79812048490283	0.95
4.1965075998996	0.95
6.01641310781457	1
4.76466014038282	1
3.63257868648501	0.95
4.84886154438947	1
2.7483838628397	1
4.25473509189929	0.95
7.05435340075692	1
4.66459433662575	0.95
6.58188876438382	1
2.53499973917171	1
5.59389876619453	1
6.44178863760219	1
4.09727574381147	0.95
5.98469880097403	0.9
3.63860505742615	1
4.84710054129202	1
6.33955277272949	0.95
6.15240027657904	1
5.02362482630574	0.9
6.01623917806875	1
6.0833402267432	1
5.57953644239538	0.9
4.63492810000954	0.95
5.00564172191547	0.95
4.49894287672587	0.95
4.96665475819791	0.95
2.96465091123518	0.95
4.70629010333796	0.95
7.65056398355572	0.9
4.70050274040561	0.95
5.90870845731245	0.95
4.75716370407179	0.85
5.19368841039545	0.95
5.76616410193664	1
5.64549785986713	0.95
3.44404142624515	1
2.68096106998755	0.95
6.44133437705109	1
6.32621168045748	1
6.45312158824708	0.95
6.69918697120174	0.95
5.18631607906194	1
8.20924939440578	0.85
5.08162795313141	1
2.92297491642428	0.85
6.01120305570942	0.9
4.0697133481971	1
7.32420082768651	0.95
4.2045361715307	1
5.00009492483765	0.95
4.59574144452444	1
4.09729011969393	0.8
4.71508856715454	1
2.7341572266868	0.85
5.64712657673958	0.9
3.84891296021607	0.95
5.79677213782251	1
6.72643347768972	0.95
1.98371760799315	1
5.33382139338834	1
3.91787728921393	0.95
6.0188710499107	1
3.54769627278823	0.9
4.73992557527659	0.8
6.192973795135	1
4.66664623953263	1
5.7359258475778	1
6.48281534969781	1
7.32075492434683	0.95
3.09320368399669	0.95
4.45506276257877	0.85
5.82293170718241	0.95
6.99472774158687	1
4.83326740927973	0.95
5.58949821802961	1
5.04534545740778	0.95
3.14125744756376	0.95
4.74658793998191	1
4.35103121300849	1
4.65408795179195	0.95
5.74885071750339	1
5.91072072827663	0.95
4.58793861491884	0.95
5.48432854571421	1
5.56282075289893	0.9
5.09070851324283	0.95
5.47399731730268	1
5.08824798659437	0.9
5.76573740899061	0.9
4.82269403290613	1
5.1297976198547	0.9
4.35468306004099	1
6.29873293768353	0.9
6.12042857483615	0.95
7.23391035445949	0.85
3.84234667938599	1
6.24487693928836	0.95
4.43179018778737	1
4.91182029276935	1
4.22627501662148	0.9
5.18232960088561	0.9
6.55661590597778	0.95
5.38535313256472	0.85
5.62793942895781	0.9
4.8164299180286	1
4.15015753366185	1
3.90922380325366	0.9
4.18068220970859	1
3.83318941341793	0.95
5.98572798365172	1
3.5256598799084	1
2.58092812666113	0.8
6.49094828088535	1
6.27080251981021	0.85
3.09108314495296	0.95
5.0785364727301	0.95
6.22194407453172	1
6.84713616914117	1
5.07572989509998	1
3.56476960784312	0.95
3.8637114247846	1
5.30609221124724	0.9
5.68583070969641	0.95
5.87665621183242	0.95
4.40999234100516	0.9
5.94483933173695	1
3.56587157930185	1
4.57665285297035	1
2.97755642371967	1
4.60673536945109	1
6.766241057109	0.95
6.8840505619162	0.85
4.32147135987518	1
4.81617843384752	1
6.55102795582638	1
4.37486290653976	0.9
5.90503063316212	1
4.99897207756518	0.95
4.10781388731162	0.9
4.58738309920493	0.95
4.30522753560597	0.9
5.15785901486897	1
3.40473395013792	0.95
4.56051103737974	1
5.78025630349223	0.95
6.48908840083913	0.9
5.98176133672651	0.9
3.89533115752567	1
9.23118116003224	0.9
7.38590760907579	1
5.72641338805669	1
4.89907845942306	1
4.24869451224037	0.95
2.91685697967229	0.95
4.65402137962425	1
6.08876866721966	1
1.96106701200834	1
3.46079406640069	1
3.823412842192	0.9
5.59693180044853	1
5.75726841466202	0.85
7.57445358212443	1
4.3221069116401	1
2.66584344896645	1
7.29832988028582	0.95
3.84087802239016	0.85
5.46228148518466	0.9
4.05483886281819	0.9
4.91791861877837	1
5.62927607214989	0.95
4.16637886738426	0.85
3.22407468269355	0.95
4.65946916153936	0.95
6.24960137413676	0.85
4.90776612028213	1
7.26150233717776	0.95
6.2319342787984	0.95
4.77773878935857	0.9
7.9819801103375	0.95
6.32278486694763	0.95
5.80749133818173	1
3.72444410942085	1
6.45247399747163	0.95
4.93564960205046	0.95
5.54600596545011	1
6.7794942769271	0.9
5.56776866302597	0.85
7.4513757089993	1
4.49578521474709	0.85
8.41798811198882	1
5.21372446734138	0.95
5.35967411299502	0.95
6.27053367184549	0.95
5.44147360103797	0.9
5.8393453046395	0.95
6.72534596576009	1
3.22837362774293	0.9
4.10496639429905	1
8.43359715265933	0.9
5.09225615231353	0.85
4.25883156848693	0.95
5.29931435532239	1
5.8174053934181	0.9
4.44281615395009	0.9
3.59565651192262	1
4.4773547762684	0.9
6.1465589452589	0.95
5.09763485109227	0.95
5.88348454974866	0.95
6.87285928700508	0.95
5.57975999761338	0.9
2.34054491538238	0.9
4.74838596564951	0.95
4.7572298899263	0.9
7.2522407392607	0.95
4.8549527710948	0.95
4.75216936121569	0.95
5.34486245867568	0.95
5.70855071950627	1
3.81998320661756	0.9
3.12252768136363	0.95
4.86448550929946	1
5.69454141321016	1
5.26514890825049	0.95
7.29996716462453	0.95
5.38719565224633	0.95
6.2629682972963	0.9
4.15299581026805	1
6.72005280983716	1
3.99198659724091	1
6.21543201781623	0.95
4.99297777732415	0.85
4.45171758133842	0.9
5.09982996022396	0.9
5.06763995727524	1
8.31258582252718	0.95
7.20928669250554	1
2.98397096312775	0.95
5.01150676783172	0.9
5.88784265840697	0.9
5.89572080928105	1
6.98595053816203	1
7.1907646068969	0.95
5.86508085096165	0.85
6.68589250764267	0.9
5.21075592658534	1
6.60610727702798	1
4.43863256508103	1
4.86854300375302	1
6.16054995225062	1
7.22806076438226	1
2.94530207521274	0.95
5.87506333268305	1
3.58885741406082	0.9
6.90007175936357	0.9
4.65341146222712	0.9
4.40970611311772	1
4.71760220273119	0.95
4.267033025004	0.95
5.43975632359842	0.9
7.36144686351879	0.95
5.81496603273228	0.95
2.61577479453491	0.95
5.46098888769873	0.95
5.94222455654428	0.85
4.40827188840875	0.95
5.71324147524625	1
5.27944171207081	0.95
6.7285647618684	0.95
3.88362333616065	1
2.54413321996176	1
3.62984564598725	0.9
8.26851477488931	1
6.50678049764498	0.95
3.45005985063271	0.95
3.1291717732654	0.9
5.43547531560654	0.95
4.14522534096151	1
5.20111161044169	1
7.46677416511479	1
3.51683874165924	1
4.21462730000231	0.95
4.40690215164424	1
4.30693950508299	1
3.42726479903109	0.95
4.46249071847045	0.95
5.11006327403185	0.95
2.73453832555307	0.9
2.25797192237652	1
4.3217448104293	0.8
3.44119613402688	1
3.33407200440468	0.8
4.50259342959982	1
5.35992900722841	1
6.19535382832469	1
7.06372436637389	0.9
3.9122992235336	0.95
5.46931507344401	1
5.44358375339795	1
4.39643356832735	1
5.53091308303294	0.9
5.29126200784818	1
7.95304559286148	0.95
3.77214453157149	0.95
3.85674471321391	1
4.85148608135596	1
6.7061645703996	0.9
5.16075339114206	0.9
2.55986384264457	0.9
8.43221706072733	0.9
5.21285966085555	1
4.66538402015637	0.95
5.12384860401096	1
3.91142317548999	0.95
5.73417431727271	1
5.6933730353786	0.95
7.58768828337559	1
5.58855214640735	0.9
3.60818118409657	1
4.89685686592265	0.9
6.45046009249741	0.95
4.43275511522427	1
3.85220382306962	0.9
6.90054660186215	1
3.92629375250739	1
5.11335865046284	1
4.86732842127567	1
5.27865567821872	0.9
6.10347970953219	0.9
4.60550362030008	1
3.90450416756644	1
4.86744710374225	0.95
7.36343573931077	0.95
4.71199649806377	1
3.88191607532119	1
8.84312097811326	0.9
3.91395289502814	0.95
5.24950546934384	1
4.84533235868968	1
5.7194683946746	0.95
8.19727429067229	0.9
5.20397458933509	1
7.18474040875207	1
4.08084519544916	0.95
6.38698414749468	1
5.49021485732354	0.9
4.89747380940672	0.9
5.86380060123429	0.95
6.48688663471452	1
5.38680586432545	0.95
5.06582814257279	0.95
5.79203395130638	1
3.4895757750486	0.9
2.65752532894098	1
5.96914719102934	0.85
5.19424416157295	0.95
6.27368610422199	0.9
4.3051724855269	0.85
5.65106650613211	1
7.31327021617918	0.95
5.56859773601455	0.95
6.68039322445365	1
4.19141590438855	1
4.16600609490858	0.95
6.80975641105193	1
4.8755322064832	1
5.29432074462677	1
4.53543304094408	0.95
4.5077300495746	0.9
4.34941861790049	1
4.08507141507024	0.95
4.79278750105854	1
5.45151986936947	0.95
2.26770915043239	0.95
6.51293967674441	1
5.40010969725044	1
7.24392525513908	0.95
5.13492002258746	0.85
4.9501208234722	0.9
4.80203565962896	0.9
8.1685771238685	0.95
4.34666333438312	0.95
4.76057677891387	0.85
7.05980578131139	0.95
4.34461115173086	1
4.307099734953	0.9
4.18733815677254	1
3.84732081438045	1
3.43453922896209	0.95
4.83505827268866	1
6.7919050937298	1
6.18515797271055	0.95
5.80726018324294	0.95
4.27418444636249	0.9
4.78575654698274	0.95
6.68212241465397	1
4.42319980956643	0.95
3.69035651517094	0.95
4.34680596225733	0.9
6.90333730606685	1
4.33449024006609	0.95
3.19455671956413	1
3.63404794871862	0.95
6.0211890766444	1
6.26901276899944	0.95
4.53134120997766	1
4.75587479077349	1
4.93581144261364	0.9
4.62528090012501	0.9
6.28011320946929	0.85
5.02641972243507	1
6.98581073004373	1
3.12137865216054	0.95
4.51898421430451	0.95
2.38635790834449	0.95
5.51580710870731	1
4.72226577448884	1
6.61122145934807	1
4.79585993049284	1
3.06564086132635	0.9
5.01370437866867	1
5.25989417492706	0.9
5.24852105191176	0.95
4.29249476118472	0.95
6.95037343703141	1
5.51483474985102	0.95
7.58734286803174	1
7.10146231987675	0.85
5.07024176675444	0.95
4.96644140701995	0.95
5.51877053203063	0.95
4.44384843968376	0.95
5.62579390593081	1
4.40206748877305	0.85
4.36149378065554	1
5.8832647102066	0.95
6.41524962089822	0.95
5.72711914245685	0.95
3.70407580529297	1
5.01794281773956	0.95
5.32750084481008	0.9
4.68517003464543	1
6.17635882123939	0.95
5.04588692702304	0.95
3.9057339101174	1
3.14429211111155	1
2.59737274113459	0.95
7.94279008604978	0.95
1.80339856408424	0.95
5.37423661019972	0.95
3.95826581198049	0.95
7.03756634040352	0.95
7.24762281198004	0.95
