as.vector.log.thetas.	as.vector.coverage.probs.
5.71390267322303	1
6.57250470133202	0.95
3.67874981301028	0.9
5.06066198785824	0.85
5.42690233445816	1
2.67196884384888	0.8
5.62332385402413	1
1.90280464647135	0.95
3.5023312157381	0.95
6.52120382072768	1
7.17714825833574	0.85
4.43769932121737	0.9
7.60289312785083	1
2.57245387208011	0.95
5.45189958579657	0.95
6.1342399993668	0.9
3.78526024198895	1
5.05887081417942	0.95
1.63381715603239	1
6.72265440027151	0.95
6.01847850132037	0.95
1.69122065833263	0.95
3.75853446552724	0.85
6.81451103127006	0.95
3.39402591905123	1
5.77331417570892	1
5.33504083665453	0.9
4.08609916892538	0.95
4.75882176786817	0.95
4.58734141931198	0.95
5.6691890174851	1
4.26762898520567	0.95
3.0673030932645	0.95
6.6506534596904	0.95
4.29337873730871	0.9
4.5660293757312	0.95
4.36004812676065	0.95
6.12157006377091	0.95
3.59681640992276	0.95
6.45890874789251	0.9
9.14050601599759	0.8
1.56500842431754	1
3.27518624903751	0.95
3.55165056498411	1
6.52582049538391	0.9
4.21616514863691	0.95
5.22563278576186	0.95
3.78711891339264	0.75
5.64003961065303	0.95
3.0431181854153	0.9
3.44568443989743	0.95
4.46304900007796	1
5.23543936897264	1
7.7128436583421	0.9
5.93804126348747	1
4.80546057953322	0.95
6.30287510978668	0.85
5.80345193282463	0.9
4.13842579378034	0.95
5.86939298040404	0.95
2.97647826073919	0.9
4.52317899771963	0.95
4.3759203713062	1
4.0535414634032	1
4.58482184428492	0.9
8.70115539138807	1
6.16372730901648	0.85
4.05203607161262	0.85
4.4618321450876	0.9
5.98266267513361	0.95
3.96554261286684	0.95
4.91661662260829	0.9
4.28927779464137	0.95
4.59170660736624	1
9.13587801959652	1
4.15215409367717	0.8
4.71215478457033	0.85
4.86356135401955	0.95
5.44891599029393	0.85
5.54312688392051	1
6.35644940846894	0.95
4.43322291301717	0.9
5.95764447591847	1
6.47858863870494	1
6.41185012052341	1
2.24704821527956	1
5.1874862496902	1
4.60568780091411	0.9
5.61101013075634	1
6.85964234183467	1
3.75128283863111	0.9
5.00299253370112	0.95
2.46590389629332	1
7.09719512073287	0.9
3.04211484018535	1
5.20564346050494	0.95
4.63624932463335	0.9
3.69498678960699	0.95
5.90669333971305	0.95
7.88018815537396	0.9
5.94173073976665	0.95
3.08952998898744	0.95
5.72477982529715	1
4.65529296760932	1
4.77788911500764	1
5.63469985106484	1
5.95388279531386	0.95
6.4701486533105	0.9
5.04472470018103	0.9
3.58737673048915	0.95
1.6699823964239	1
5.49343530341229	0.8
5.65809036617171	0.85
5.70195396636232	1
5.86016106710158	0.9
2.26385622870896	1
7.94412454288076	1
3.12057736471451	1
3.85561358852749	0.95
6.66937434507687	1
5.11273274870284	1
3.77720200972851	1
3.88436619158464	0.95
3.04148242983814	0.95
1.96877392400238	1
8.94663422678119	0.95
6.04242033537925	0.8
4.71407813369084	0.9
6.19532710688101	0.9
2.99449398922569	0.9
3.23326179880621	0.9
4.26005211322359	1
4.73360689979473	0.95
2.36775521627752	0.95
7.59065735519433	0.95
4.88011642337441	0.85
0.519233035871188	0.85
3.3724748018844	0.95
8.67349127074781	0.9
6.00586278891084	1
4.29734255153226	0.95
6.13437454992954	0.9
5.96609239735344	1
4.79547990097904	0.95
4.79343431091511	1
4.00856859173107	0.95
5.23470486002666	0.95
6.00565889292599	1
4.89764322868949	1
6.44564569679966	0.85
3.07417064783581	0.95
4.67774580252031	0.95
5.58095196237405	1
8.02501649086841	0.85
3.08220681679145	0.95
5.31141283952796	0.95
2.06331324825613	1
2.76958372222201	1
7.6998207626834	0.95
4.80807515982107	1
4.94771709325969	0.9
6.80354006415038	1
4.60466704984079	1
1.36900024880517	1
7.98498099415921	0.95
3.74596344238606	0.95
5.69562194278419	1
4.31406256672617	1
5.57434136661443	1
5.57401803013192	1
4.55379990761938	0.9
6.66952571564088	0.95
4.54335886544861	0.95
3.31493133344045	0.95
2.68102542079179	0.95
7.36134339380174	0.95
4.92573600601517	1
3.82895631385432	0.9
4.65837557137953	1
5.81908661831146	0.8
6.28381257505184	0.95
5.40245052883994	0.9
5.43853957441295	0.95
6.80353241257263	0.95
3.85447913407562	1
4.60865237366148	0.95
3.6900973156426	0.95
5.99581808926795	0.95
5.0902578331115	0.85
2.29915121314416	0.95
4.32186891616034	0.95
3.70877716948188	0.95
3.41491297179416	0.95
5.23310958846601	1
3.6196545246061	1
4.22789747579988	1
1.92832548445812	1
4.61935885054143	0.9
5.24382973622868	1
5.09428810016709	0.9
5.20203908344558	1
3.70360802716845	0.95
4.6835574688364	0.9
6.54707618154785	0.95
3.8071835585684	0.95
3.56202385520063	1
6.55256383631265	1
4.25788832365229	0.95
5.19542237786459	0.95
5.07144765625901	0.95
4.70340610977533	1
7.60300054967078	0.8
3.12385940480557	1
4.99741641868869	0.95
8.15468927608352	0.9
5.61683913599373	0.9
4.52365819275003	1
5.63759138600414	1
2.83455015159927	0.9
5.08010974912005	1
3.67644448356596	0.95
4.752208628333	1
3.99636025574586	1
4.96284511620988	1
5.27322970478819	1
3.37087440790365	0.85
2.99946444676288	0.95
6.35475626608683	0.95
2.83150765332516	0.95
4.63564032866237	0.95
4.03034963395239	0.9
7.79829773348647	0.9
4.4852185548018	1
1.89058700003876	0.95
5.42865624540457	0.9
5.97934501593186	0.95
4.85550014674965	1
7.65495820561512	0.95
3.94019944172662	0.9
5.66518156183276	1
4.70776059087252	1
6.75278398605883	0.9
3.98911438687314	1
5.8825767152814	1
0.281649779596911	1
5.53457459152953	0.95
3.55302595878069	0.95
3.55616429172416	1
5.77570604738596	0.95
5.17203440331564	1
4.27284136469417	0.95
6.00439440828568	0.95
5.35586471071904	0.95
3.77302946703297	0.95
7.90318714463469	0.95
5.16561462368712	1
4.55173110608009	0.9
5.87523517486638	1
7.09645490561344	1
6.52214847194624	0.95
9.15076737762535	1
4.81454627234861	1
3.36278740155265	1
3.55720112281653	0.9
3.72919374190387	0.9
3.15868427430616	1
3.66152496983966	1
3.48505839982515	0.95
6.83387437748787	1
8.94123596106354	0.85
6.26067862695361	1
3.63007860921857	0.95
1.33686233990126	0.9
4.18372535233647	1
2.97227715633317	1
4.75050779898137	0.95
5.12683263343761	0.95
4.51571461973712	0.85
2.41880234801263	0.95
3.477769007526	0.95
6.51227106487534	0.95
3.71131341690338	0.95
0.0060119337670006	0.8
5.09943533634493	0.9
3.64493746596968	0.9
4.85882593224572	0.9
4.30087925263575	0.95
4.27781050025981	0.95
3.89842733328596	0.9
4.04740392589751	0.9
2.41329805903644	1
7.15106001166159	1
5.36171140323498	1
5.31294119416517	0.95
6.25890416377579	1
3.064764940973	1
4.5991516105657	0.9
5.1666617830654	0.95
6.40006574201678	0.9
6.45681521883315	0.95
6.16581769135388	0.95
4.01158683256359	0.9
4.36004868713665	0.9
4.88452195978911	1
3.01235125436064	1
7.54749019788613	0.95
7.258584651312	0.85
7.32468836302197	0.95
3.08996579881509	0.95
6.04635417547264	1
5.39559979187606	1
6.10688207322382	1
6.34737777511646	1
6.02765489951577	0.95
6.13367525993601	0.95
5.89389988010014	1
5.45255788671199	1
8.15565720824112	0.95
4.54117643511999	0.85
4.60688131513742	0.9
2.36722147097396	0.95
6.24505948524352	1
6.12382121531872	0.9
8.51948005717884	0.9
5.86039968465031	0.95
3.38102595513791	0.85
7.75318133475237	1
2.86956107021451	1
7.33022838125231	1
4.00944727517589	0.9
7.13210450762251	1
5.60947200760667	0.9
4.645907607915	1
1.64457060116246	1
5.42041312363852	0.95
5.71271280633626	1
5.98987809281377	0.9
5.03865197262088	1
5.5732502676816	0.95
6.96788828090968	0.9
5.23007672532568	0.95
8.87180729186893	0.95
3.42155185070806	0.95
2.85966917627753	1
5.96146857184341	0.9
4.58641384659787	0.95
5.9728909676478	0.9
5.19563606381489	0.8
4.79768328124965	1
5.52301442943039	0.9
2.91378396432839	0.8
5.97754616200351	0.95
6.20651052096202	1
6.03259930698535	1
5.60603550597717	1
5.51799975219264	0.95
3.64895471350122	1
3.57737306808206	0.95
8.23231367544707	0.9
4.40172463776368	1
5.39973099629541	0.9
6.75781767187625	0.9
2.47177534062276	0.95
6.28646820021206	0.9
6.67416079436151	1
4.92631896187694	0.95
2.90597913668133	0.95
0.4295802066257	0.9
4.13798485402532	1
5.61766056144867	0.9
8.63185003648778	0.95
6.49812007778024	0.95
5.2967733055907	1
4.75489294276836	0.9
5.52718504055987	1
5.27490512540863	0.95
7.299442566206	1
5.66627177380027	1
3.29631025022749	1
7.23139091461198	1
5.08199497429953	0.95
6.15331567610475	0.9
3.58514933645668	0.9
4.7102673818875	1
6.4977264000389	1
2.51427693708007	1
6.35837750156927	0.95
7.04272578775048	0.95
5.12512321416942	0.9
6.43426245166722	0.9
7.13987640461681	0.95
5.36408146795078	0.95
5.12671071302613	0.9
6.09550573711634	1
4.42798031123658	0.95
3.76027002109053	0.95
5.78352012429259	1
4.98610812910869	1
4.1687977458355	0.95
3.87320016268693	1
5.97530329407089	0.95
5.03488739040669	0.9
5.75833017149759	0.9
3.78898811222611	1
4.33976669297726	0.95
3.69472580214758	0.9
5.45249529621499	0.85
5.29633869162986	0.9
7.55727705571608	0.95
3.03365212541437	0.95
6.46642739961934	0.95
7.09045925819675	1
3.46442271444679	0.95
5.71506055975408	1
2.94691083188647	0.95
5.48901766524349	1
8.27548222285084	0.95
4.07161194346044	0.95
1.5162058637442	0.95
5.6544505527853	1
2.94999545506419	1
7.40273585228353	1
5.30674622821849	1
4.52871483162617	0.9
6.20313031139164	1
4.05483546824905	0.95
1.91170918956666	0.95
6.82885584618886	0.9
2.66917000333184	0.9
7.9266120810737	1
1.94658367912827	1
6.99543282465393	1
2.690068504452	0.95
6.7295384588724	1
5.26442197609558	1
5.17446688312314	0.95
2.38752629764433	0.9
8.18882688985993	0.95
7.44808807511975	0.85
3.09548185970574	0.85
6.39697455685653	0.9
5.33219425771732	0.95
3.59762262002444	1
6.02619002703881	0.95
3.6747879174178	0.95
4.62357064347723	1
6.82839435817894	0.95
3.64346615855682	1
4.74665204872785	0.95
6.78783463231255	1
3.33226549796457	1
4.69778359313752	0.95
3.38972592021119	1
6.89264186700665	0.9
5.4185356335326	0.95
2.98817386513763	1
6.08128445022344	1
3.88765803268019	1
5.97727699912359	0.95
4.28233654081679	1
3.36510107585975	1
4.44947272776342	0.9
8.1384399918531	0.9
3.95362949008645	0.95
1.89430000200023	1
5.45786600895526	0.95
3.05062656570136	0.9
2.9185686185734	1
6.22394674793017	0.95
4.87727883348183	0.95
5.92812669390973	0.95
5.2561967070741	0.95
2.40135501822285	1
5.00089268351796	1
1.51923968845287	0.95
3.84344007132879	1
4.30252785250151	0.9
4.75417004537482	0.95
5.92695883916979	0.95
5.06371936935985	1
6.93122299287941	1
5.87077560734578	0.95
6.20458343301586	1
2.8668709519241	0.95
4.18604861270618	1
3.68083508440854	1
4.72459428379251	0.85
3.4223438721512	1
4.89689657791699	0.95
6.47195486822601	0.9
4.36328497385547	0.95
2.68794374802738	0.95
5.7455519999097	0.95
6.4851394601759	0.95
3.07979792191475	0.9
5.92924935874228	1
7.72229213292774	0.95
3.12776925378025	0.9
5.71301810004361	0.95
3.87422746919509	0.9
4.88501906915328	0.95
5.65776823642236	0.85
5.26012503859121	0.95
6.21294700146637	0.95
4.4294419891567	0.95
3.80823330899589	0.95
3.69195403194688	0.95
5.25072288738776	0.9
5.43546302191889	1
6.9381198247414	0.95
4.76335290317097	1
5.73719918351958	0.9
3.08411480609853	1
4.21962644057929	1
6.2141785051425	1
4.44904387774142	0.85
2.52927085795864	0.95
5.49011637309292	0.85
7.20179445667305	0.95
6.52169798600913	0.9
6.09080248030993	0.95
5.1793871750017	0.95
5.64336639218177	0.95
4.04412874626365	1
5.46910375113877	1
4.19762627469671	0.95
2.33154923324646	0.9
4.47074465745097	0.95
3.99667134775348	0.95
2.70592099661213	0.95
4.64397152427637	1
5.20685968231028	0.9
8.173365785237	1
6.6529305703903	0.95
9.02952874608804	1
6.7102853205439	1
4.68379260834976	0.95
4.72717143030789	0.95
4.08307758878792	1
4.82867141067023	0.9
3.01980483375372	1
8.02972446005323	0.95
5.25935093317416	0.95
4.61361101906903	0.9
4.77532671954814	0.95
3.44316184687666	1
6.74172955035622	1
2.85880956210046	1
4.2433141437823	1
7.18405065367965	1
6.16820916172417	0.95
4.31835538138416	1
8.4219911160999	0.9
6.73386784241986	0.9
7.217570522156	0.95
3.12447193678843	1
6.55448123425347	1
4.07902009639856	1
4.49547561837703	0.95
6.05917365022988	0.95
3.47491297639453	1
6.34875930755579	0.9
3.68083288377039	0.95
4.53303964053964	0.95
6.20172678503162	0.9
7.20718178827783	0.85
8.63698007701991	1
6.66383332032964	0.95
6.10135742043433	0.95
5.77678942302903	0.95
5.85700495690811	0.95
4.7180596785605	0.9
5.53025809682388	0.9
2.4655899766994	1
4.36443059936552	0.9
4.64688201459287	1
3.37592614094108	1
4.11064128770757	0.85
2.65804780086556	0.95
4.59848695988227	1
3.63564562452163	1
5.26205252390153	0.95
4.39541036428689	1
5.29420829685774	0.95
5.59508839327327	0.95
3.88773397760337	0.95
6.56164167336618	1
4.54428699346526	1
3.99002455518261	1
4.76437530941681	0.9
5.91651032324691	0.95
1.89153610455485	0.9
3.35967089100947	1
5.83974029491314	0.95
2.60813544671942	0.85
6.04749084906972	0.95
5.11497088756436	0.9
5.3803439683957	0.9
2.1268164781795	1
4.27693652976955	0.9
5.72129655407931	0.95
5.20588390565568	0.95
3.18175942613728	0.95
4.92369494354915	1
3.04307632641574	0.95
2.14630843396315	0.95
2.88133592464513	0.9
6.67613980378353	0.9
7.17859754833446	0.9
7.11613323145947	0.95
4.62906826979009	0.7
4.919673362414	1
2.10662343221158	0.95
6.49430091627572	0.9
6.17154512854668	0.85
9.03292789188203	0.85
4.33561073870193	0.9
7.04427629558643	1
5.63453396509341	1
1.82126955869212	0.85
6.33941303542712	0.95
5.08316995080103	0.8
4.92699890783523	0.8
5.9694879671008	0.95
2.09997527468862	0.95
6.94309814360283	0.95
4.85980304873078	0.95
7.06453909194127	1
3.80274537203975	0.9
3.94227369312934	0.95
4.83971510010086	0.9
4.72657006501935	1
5.92888900469165	0.95
3.00752828374652	1
5.79694937410959	0.95
4.5538256665371	0.95
1.40688820485797	1
8.20090089952329	0.9
3.645658300713	0.85
3.21144008057862	0.95
2.65240963750182	0.95
3.85371717960782	1
1.96112756422255	0.9
5.0578885411944	1
5.7351870224686	1
2.34739215231299	0.95
4.76329139362836	1
5.46179897461135	0.9
2.17239540496856	0.95
6.19182925249229	0.95
3.25079894952184	0.9
5.35111042316425	1
6.50226188300345	0.9
3.61395840670815	1
5.01534525873429	0.95
6.03365764674383	1
5.86240262844399	1
6.2160454894658	0.9
5.84805444536576	0.95
5.11153912775186	0.85
3.44594623718406	1
1.18604261873219	0.95
4.15409350101491	1
5.68678851380448	0.95
4.94843045667072	0.95
4.21959696673257	0.9
2.81738382449542	1
6.70585752932676	1
7.7945130960573	0.95
4.77479525208398	0.95
6.19037093996686	1
3.2612009151296	0.95
3.45678746058142	0.9
4.66549559642052	1
6.31604760308257	0.85
3.69186227038122	0.9
2.04606381427194	1
4.51446527631108	0.95
3.68492508844288	1
7.44513272771756	0.95
5.88900411328151	1
5.37009533228341	0.95
5.85925615288083	1
6.51593052434272	0.95
5.37278894531573	0.95
6.1641733169068	0.95
5.10659443844702	0.85
7.34626682923142	0.95
4.12528781943839	1
5.7803994882054	0.95
6.99196827402505	0.95
7.71176952689631	0.95
4.22525573241951	1
7.25718487689738	0.95
3.99102483957561	0.95
6.65655591840174	0.9
5.27759195550388	1
4.34583389087942	0.95
3.70408922943252	1
5.42104785398973	0.95
0.362745502662253	0.95
4.238573120818	0.95
5.44050612480807	1
5.38845655014987	0.9
4.58809485686557	0.9
5.2728570195038	1
6.15099080601452	1
3.14766931243747	0.9
7.5597024270091	0.95
4.89501164496295	1
4.39542557988545	0.95
7.25838217197676	1
3.50351554049475	1
4.64425358740307	1
3.39221947417668	0.95
4.4041632173891	0.95
4.53547352909517	1
3.90385744522689	0.95
7.84312088016279	1
2.03671941446306	1
3.41693191419893	0.95
6.04303958776689	1
4.60184110610474	1
3.69458340614063	0.9
4.74871174764719	1
5.30360707296384	0.95
7.16595039195206	0.95
7.44318901901553	1
2.51880617878459	1
4.0879163081128	0.95
7.49699868902781	0.95
4.65077237793299	0.9
6.65642339316675	0.95
5.80301980884045	0.9
6.06703355861039	0.95
4.67188426941281	0.85
6.64664105038744	1
5.28645556207279	0.9
1.69995593694851	0.95
3.11326891315346	0.95
4.18015298767609	1
5.00008977883931	1
2.26583597518902	1
4.6831356516572	1
3.92905534070026	1
3.30697374357683	0.9
2.82317015084124	1
5.09403608171702	0.85
5.35036854053994	0.95
3.10993966057819	0.95
3.60003192429182	0.9
5.656372483759	1
5.36520974277007	0.9
6.8228728353071	0.95
6.70167729845959	0.95
5.70521434590508	0.9
6.63446719783284	0.85
4.23212081357425	0.95
7.44960782790838	1
5.3225121647772	1
9.81175745116524	1
3.99646419118453	0.95
3.80302291529871	0.85
4.25677948290731	1
9.1046023710813	0.9
4.69248992420738	1
4.26930926357277	1
2.78543473344822	1
1.98413025001071	1
7.9398739054567	0.95
4.13168113157978	0.9
3.51596593143788	0.85
6.83865357708843	0.9
8.0810700809036	1
6.5301576726059	0.85
3.64482170702424	1
4.57470891942818	0.95
5.2838333840999	1
2.02412792872652	1
2.55971225253435	1
6.00880827673106	0.95
5.94038010135146	1
4.89563099672357	1
3.5908633942933	1
6.29045716735122	0.95
5.77655732505247	0.95
4.37781771922736	0.9
6.02655380625547	0.9
3.98528896754691	1
3.10721840341956	1
4.05419522440707	0.95
5.17196259816711	1
4.90979956925467	1
5.71325068856906	1
4.89830014016901	1
2.8289228353521	0.8
5.08474376182998	0.95
5.22919392071622	0.9
3.64585526047536	0.95
7.12858562656835	1
7.1006547926782	0.9
1.73274692038831	1
6.74009668135793	1
2.61551045293933	1
7.85009686918873	0.95
1.82414345541855	1
4.10330623919684	0.9
7.02031894163909	0.95
5.86943532180801	0.95
5.07764834784091	1
1.92274697623767	0.95
4.8200436497387	1
6.33906886414169	0.95
5.97361677544285	1
7.28706199549279	0.9
3.22548849617909	1
5.27548815576972	0.95
4.55658415010045	0.95
4.63476222268573	1
6.93765206930974	1
6.4203519687148	0.9
7.27621828676629	0.95
5.86119847464031	0.95
8.52893819664997	1
6.67115583588949	1
5.43533077534415	1
5.62682427628834	1
5.09561493718886	0.9
2.38935976329994	0.9
3.6223898644702	0.95
5.26175732327312	0.85
5.02189881611601	0.85
9.40596740633169	0.95
5.36855711548946	1
5.16700789084598	0.95
5.75936241798353	1
4.45371748017251	0.95
6.15187464565582	0.9
5.82939612139608	0.9
6.39507528477914	0.95
5.23067629726136	0.95
3.35965142646049	0.95
3.83073784386425	0.85
6.36873275831766	1
3.57775514237045	0.95
3.69197039912465	0.75
6.32697816844687	1
6.99929255111562	0.8
1.28020798627281	0.95
5.41158797702694	0.95
5.67128386706256	0.95
4.54478890302484	0.9
6.25873665294082	0.9
2.2379035834809	0.95
5.49664394067698	0.95
6.8456841731108	1
4.9049673023583	0.8
3.74576534421915	0.95
5.91008788079334	0.95
6.74513526129434	1
3.43467442205101	0.95
3.51059878510544	0.95
6.67188541607247	0.95
6.42140930582629	1
3.09290682248891	0.9
4.688524929278	1
4.86733062265738	0.95
3.18188254496996	0.85
1.63014499717211	0.95
6.09647941348931	0.95
4.66251315832375	0.95
6.40315686391662	0.8
0.847781468980873	0.95
5.08154059389439	0.9
6.31933704392752	1
8.5795766268381	1
4.84039547664541	1
5.42931576661204	0.95
5.93135365658436	1
3.77543702303413	1
2.88077960951148	0.85
3.8218037368884	0.95
5.64977336026112	0.9
3.87677872238134	0.9
6.69427039416152	0.9
6.08014546228268	1
4.50825163132133	0.95
5.65772111851533	0.95
5.41657421348516	1
5.69642642560662	1
5.08086761709235	1
5.73167681219783	1
3.98941639418694	0.9
5.08836034044391	0.9
1.70027585411083	1
2.8996399168408	0.9
7.30152097047034	0.9
5.87466907507157	0.9
4.6515798915071	0.95
3.89364891177369	0.9
6.35176689245842	1
5.59182747706541	0.9
6.85951475848539	0.95
2.2206080946516	1
5.50115634462395	1
7.36701333989182	0.95
1.6251245035838	1
3.60382993803899	0.95
4.69763039371548	1
3.01018778828391	0.95
6.46330636195647	1
3.47725981931566	1
5.35742788845604	1
5.58299269451509	0.85
5.13875157062405	0.95
5.79315114994928	0.9
7.33072100748917	0.95
5.47094247279991	0.95
4.71505060226536	0.9
7.82216158027701	0.8
6.24758403642364	1
6.6694652548625	0.95
4.93821312385933	1
4.40886789614015	1
3.54982465178287	1
3.67329265761842	0.9
7.51695667436824	0.9
6.28905709577277	0.95
1.75110428275339	1
6.20108207008243	1
4.54260100860432	0.95
6.46991916365959	1
5.31847428737555	0.95
5.72582100336021	0.95
3.48519236392237	0.95
6.16800871702285	0.9
8.37092678160918	0.9
2.43266534922664	0.95
5.90382589042053	1
2.99559868159337	0.95
4.63643492497243	0.95
6.16584781212019	0.95
6.6239538092682	0.95
5.08466192761706	0.95
7.66700075877863	0.95
7.63618510892423	0.85
3.53346049135597	0.95
2.34963074313931	0.95
6.67292658851635	0.85
4.3559784043516	0.95
4.71075982394155	1
4.98660541622343	0.9
5.77184899755297	0.9
8.04305774119366	1
5.51345487013888	0.95
4.17511834813052	0.9
4.95837791020328	0.95
5.9968212932271	0.95
5.20454080203377	1
6.00622680429352	0.95
3.13673129506815	0.95
6.90919442932454	0.95
1.39834437485975	1
4.0159027227407	1
5.21147647272733	0.9
3.97722990776934	1
4.91988355761182	0.95
6.55256205102515	1
5.14653682061022	0.95
8.13623940176774	0.9
3.14309296236268	1
4.78483454677101	0.9
3.8802941510261	0.95
6.57496516179963	0.95
4.71459627049073	0.95
7.08982479701776	0.85
0.980171744193225	1
2.57273213019268	0.95
4.08187048327175	0.9
4.68203219758158	0.9
5.48422675903735	1
6.26312718374206	0.95
6.23769299776844	1
3.78084300365514	1
2.31634376830889	0.9
6.27057830316149	1
2.55319915912209	0.85
2.27672582103335	1
7.30548652937723	1
1.93831231558342	0.95
3.04586721872813	1
4.26723585368869	0.95
4.22369286506006	0.9
5.49173644964668	0.9
6.62177244734441	1
5.04774474549801	1
2.44476269235472	1
7.15817548382991	1
3.60451589967716	1
4.61820318384831	0.95
5.86912099960494	0.95
5.99873077396616	1
8.01336726126784	1
4.16540392979278	0.85
4.7234556084726	0.95
3.98802657053676	0.95
4.61669060456901	0.95
2.78897210951772	0.95
5.98274090528684	0.95
4.42336497314114	1
5.11688732777041	1
4.52155762376303	0.9
5.46636308419727	0.8
5.52806276742965	0.9
4.00884578911717	1
5.20939256093732	1
4.19080222013169	1
3.88849986225127	0.95
6.8438128828509	0.95
3.97227473251168	0.95
6.45824915969311	0.8
5.18503490356892	0.85
3.75481267653817	1
3.29688423785346	0.8
5.11147666790613	0.85
5.20409765003579	0.9
6.03009529622151	0.95
4.85035851494968	1
5.87463453420563	0.95
4.46431448341906	0.85
2.18012858829116	0.95
5.12041275157692	1
7.56866969709251	0.9
5.58043313311733	0.9
7.59118309173152	0.95
7.29337419226929	0.9
2.34302217624073	1
4.63028575521226	1
5.39768811434523	0.9
6.96072655634227	0.9
6.07630594636707	0.85
7.82023404334295	0.9
4.80806231610689	0.9
4.80756325368767	0.95
6.17138127821523	0.95
5.06879473977192	1
4.3059727670656	1
4.07690755848773	1
1.60262748804238	0.85
5.59147427684746	1
1.38719036771162	0.95
6.44395602746473	0.95
5.29529705272074	0.95
6.83164398929289	0.9
3.21656201290379	1
5.62227255438355	1
4.62595691140687	1
7.0778424636987	1
2.90520889050421	0.85
3.86531976671001	0.95
6.9070370136302	0.95
5.04290472095224	0.85
5.29821241405385	1
7.40178479240749	0.95
6.41164127388731	0.85
5.0194902143684	0.95
6.5499047409268	0.95
5.09101713070578	0.95
4.83634514258873	0.85
1.74917349992924	0.95
4.80266653433054	0.95
3.48145316041902	1
2.44349753552428	0.8
7.42665535035919	0.9
5.35191979414262	0.95
4.66618567555874	1
4.13761579787921	0.85
5.12651330588674	0.9
6.89083243343154	0.95
7.44861660647114	1
5.59720536817067	1
4.32459723658228	1
3.54749829778427	1
4.57152180238469	1
3.875442785253	0.95
8.04872744879883	0.9
3.0534737405515	0.75
4.49273653711714	0.95
4.1006760421991	1
8.95545921203977	1
5.36681098943165	0.95
8.36529507062685	0.9
7.26605104134647	0.9
5.34630316052366	1
6.38677732794521	0.9
2.92743668821271	0.95
2.67525025596679	1
5.60760477921109	1
7.23855335840548	0.95
3.01534738798537	1
5.13716097106018	1
7.15148619021627	0.95
5.96121822610483	1
2.83008209436067	0.95
3.28888522347044	1
2.55781288129374	0.95
4.20001742114392	0.9
5.66378349775862	0.9
6.29256144258272	1
6.80427834410309	0.95
3.33354914156043	0.85
5.6552606446209	0.95
3.14516086123611	1
2.92974522079559	1
9.32050454377212	1
5.104667083801	0.95
3.91382785984869	1
6.7323434297146	0.85
5.33759782893903	1
1.58906099563306	0.95
6.02179862724244	0.85
6.02574045294194	0.9
5.42352863028322	0.9
5.59513623011288	0.85
4.30313482753945	0.95
7.71058290279533	0.95
6.55127768260858	1
8.15610267601854	1
4.0794036015406	0.9
5.6182377707176	0.9
3.87486379208227	1
2.92062383299375	0.9
2.49559433298242	0.95
5.24128515955987	0.9
1.36174864300586	0.85
7.20331112435144	0.9
4.59492809862585	0.95
7.14671983756268	0.95
4.67364018244089	1
5.26968199406734	0.95
3.05964829393096	0.8
4.36147374194125	1
2.72627245242909	1
7.06225185855264	1
6.59297428732267	1
3.93014613125045	0.95
6.43263324377889	0.9
3.90604685709634	0.9
5.55599260894206	0.9
1.06381106594194	1
5.24113343550412	1
6.21961803231737	0.9
7.46241462341962	1
5.83408016770434	0.95
5.05074116736325	1
3.85480487626717	1
4.18545209896106	0.95
3.11778438526915	0.95
3.63936652843197	0.95
3.61127890937042	1
1.20467588565504	1
5.3420929361733	0.95
7.66880659528412	0.95
2.28389452918514	0.95
4.86673226732442	0.95
5.61824666193357	0.9
5.13364404907003	0.95
1.91139440608873	0.95
6.31239610645691	1
3.91005594664443	1
7.17290558609361	1
4.99929596513692	0.95
5.07907992539323	0.95
6.56412968759143	0.95
5.78033485406477	0.9
4.72915730184565	0.9
5.56028854831426	0.95
5.17702648993772	0.85
5.32576434028575	1
4.31228751538353	0.85
2.55498690724998	1
7.7800664023085	0.85
5.74635823186956	0.95
6.11273553291625	0.95
4.31676358148989	0.9
3.23348664142977	1
5.70732615107792	0.95
8.06518775499788	0.95
6.26439670288169	0.95
4.89274137542882	0.85
5.56946764220424	1
4.10104390587828	0.95
4.80497872173214	0.9
6.10993367362081	0.95
6.74872924459348	0.9
5.00570619576256	0.9
7.67071910064242	0.9
4.3675501068382	0.9
4.41048115651152	0.95
2.6237050853892	1
5.32026413979959	0.95
4.42096119933225	0.95
3.58246731659471	0.95
5.63775542768562	1
5.01791300023966	1
3.37968158065126	0.95
4.3929280227212	1
4.53117279399502	1
5.06570055818297	0.9
4.49192497959565	0.9
1.82081742313583	1
4.53637476128739	0.95
5.87808888029697	1
3.20948953248734	0.95
4.7570064110834	1
4.20558871492951	0.95
7.81573725699547	0.95
5.63598820167463	0.95
3.36789445942145	0.9
4.49614627513978	0.9
8.22007001289215	1
5.43688641584426	0.95
3.0130841046207	0.95
8.39640939336672	0.9
3.45072263719678	0.9
2.87595993854322	0.95
7.67789627241996	0.95
4.35479217289495	1
4.25006489478275	0.95
5.2727347963412	0.9
4.03247558248295	0.9
5.66783626054856	1
4.74257918789652	0.9
5.04683460332968	0.85
3.3794200888818	0.95
2.17891327517628	0.95
4.83983191938806	1
4.8365016360111	1
4.792167861857	1
4.02543589739118	1
7.74440450618576	1
2.38449955398915	0.95
5.46981960295784	0.95
5.07588842944649	1
5.21688650451647	0.95
5.65850296911002	0.8
4.43890107356031	0.95
5.50691534700024	1
3.62951860243609	0.9
7.17634970271642	1
7.09327102615701	0.95
5.73294709577319	0.9
4.70932999143212	0.8
4.5564027965653	0.9
5.59410860110514	1
3.28070464206698	1
4.13062803281005	0.95
5.09400192601377	0.9
6.22960608900172	0.9
3.72758908210061	0.95
5.87466300783134	0.9
5.4173871514993	0.9
4.34855341137397	0.95
5.89718154329662	0.95
6.67760094756998	1
6.70841791707534	1
5.34217040223684	1
6.17462254750773	1
5.12476603768745	0.95
3.59360667756751	0.9
5.14968629699953	1
2.48111655160085	0.95
5.2280413143711	0.9
7.55716036841588	1
3.26022574591557	0.9
3.97911771387594	0.9
4.61875752380144	1
4.70253986498961	0.9
0.0314107567300139	0.95
2.8313490507885	0.85
3.87613805019353	0.85
3.82374736863476	0.95
9.56355891718648	0.95
2.50100427128406	0.85
5.1211607421342	0.95
6.40441091002648	0.85
2.73315435911119	0.9
5.47717654444606	1
4.61661440882842	0.9
4.56403425090921	1
8.16696048540661	0.95
4.80411491722427	1
4.65612165723383	0.9
6.31012605367483	0.85
2.69390561484012	1
5.18387265208029	1
4.22074249291234	0.95
3.93492547858234	0.95
3.93295751019415	0.9
6.46318351403677	1
8.15499594164728	0.9
6.60553104858784	0.95
7.78519650977489	0.9
5.05919746334413	0.95
3.40763578694048	0.95
5.25618033702923	0.9
3.25944364191841	0.95
1.15509404950664	0.9
4.75409043468	0.9
8.62034976406809	0.9
7.83945453052824	1
6.77100934463195	1
3.76441997119242	0.9
8.49944475768475	0.95
4.14965727369308	1
3.91406744088053	0.95
5.10981224595393	0.95
1.84187080384322	1
3.94575012477376	0.9
5.12469398103646	1
6.71351373565249	1
5.76771002163079	1
6.21638560294147	1
5.61729755572222	0.95
4.18384799675729	0.95
4.39541645871789	0.95
4.98394661125335	0.9
4.65217911679226	0.95
5.22484625658022	0.9
5.44529569924838	1
6.13341844944613	0.9
1.94295486396114	0.95
3.01047252848319	1
7.56106435811887	1
5.94521392102311	0.95
6.8622796831982	1
5.28983203710227	1
8.00376893153948	1
7.23780441258335	0.95
6.04708037105547	0.95
6.79472885566932	0.95
1.22985519361919	1
3.20101397088782	0.95
5.3789567632041	0.9
4.68234065533055	0.95
6.95196186230413	1
5.04700634640941	0.95
5.02900730396872	1
5.76136504584475	1
1.56935531581127	1
5.87919746037141	0.9
4.13482024708363	1
3.17434843320432	0.95
3.4954255562537	0.95
5.188078038828	1
4.72882020878975	0.95
4.27599301896238	1
3.65356529408744	1
3.11513624614489	0.95
5.23877265121332	1
4.40477495242824	0.95
7.5639386769229	0.95
8.65844017697377	0.95
7.22232081068217	1
5.34541027152203	1
2.10740564143474	0.85
4.68849833508397	0.95
3.51784665566558	1
8.36009306979907	0.9
3.11461562846493	0.85
4.06139121218025	1
4.14815076375146	0.9
6.09028632215829	0.95
4.09566406145594	0.9
5.86813598413709	0.9
8.20539551046238	0.95
5.44184627151521	1
5.52712190414624	1
4.89315857370507	0.95
5.71180027440915	0.9
3.65579068024522	1
5.58440746246642	1
3.43520831866661	1
6.01085422608449	0.8
4.54005276137427	0.9
6.04468087049498	1
7.58735778996687	0.95
2.56211243238943	0.85
6.41778303028898	0.95
3.96022036848097	1
4.21788194549661	0.9
5.59922443110026	0.9
2.15040197938423	0.9
8.16914127513794	0.95
1.08472419342567	1
7.77114097383656	0.9
1.85553436027192	0.95
5.36093404834028	0.8
4.79214968190055	1
3.48144187446914	0.95
2.05037223890111	0.95
5.41583924290494	1
8.25127985343249	0.9
7.74087938030297	0.9
6.2368790575888	1
5.62984209700027	0.9
7.89602037854805	0.95
4.08623650000636	0.95
5.99046135299272	0.95
3.21085352588022	0.9
5.97833647579724	0.95
5.32564560433957	0.85
4.94102012004222	1
4.35446551131713	0.9
4.26553540136161	1
2.02828520970409	0.9
5.78905970929978	1
5.78007556377194	0.9
6.01968555474408	1
5.2528543004883	1
5.29865054275298	0.95
1.45436871568254	0.95
5.06062446147366	0.95
5.88330851584875	1
7.02967032947421	0.9
1.46314948640104	1
6.69172026827792	0.95
4.45754597375594	0.95
3.93585408319852	1
5.51316006340628	1
7.67067693989967	1
2.80660604690141	1
6.29857666043694	0.9
5.63198115534329	1
3.77697740350016	0.95
5.00358563972099	0.85
5.11060272988109	1
3.62016043069089	0.95
6.05780198235749	0.9
3.72946845132833	0.95
5.59755860033984	0.85
5.92509498416145	1
5.39363968347419	1
2.33662353217744	1
3.69488306941136	1
6.50735670044226	0.9
5.79373272197878	0.95
3.61900590557826	0.95
5.37479141029857	1
5.55217112859203	0.95
6.9384913459961	0.9
2.99881085190292	1
6.29606862258348	1
3.27046627210426	0.9
2.81931358243263	0.95
2.97306834985556	1
4.99333814620053	0.95
2.40496765119949	0.9
4.99159635220904	0.95
4.06385929070202	0.9
3.19571210976205	0.95
5.81802485041241	0.95
5.25309309975083	1
9.54601713722392	0.95
5.36152851442835	0.9
4.44710213803787	0.95
6.17157680716253	1
3.964141487918	0.95
3.48816624254277	1
0.408136019233233	0.85
5.45333232702619	0.95
3.27025741481434	1
7.46469663676023	0.95
4.545429142318	1
3.09402967033775	0.95
7.6243161075166	0.9
6.19902821487455	0.95
4.40322783334592	0.9
4.64851228500798	0.95
5.79885377937004	1
3.08612906692733	0.95
6.19228149323232	0.9
5.71951999529571	0.95
7.64730956633798	0.95
3.91465268941901	0.95
6.969455578124	0.9
7.38254657220041	0.95
7.79197999902023	1
5.88931244901948	1
6.66379659982541	0.8
6.58207855887744	0.95
2.54458299994781	0.85
2.28037100314452	0.95
7.47762154723266	0.95
6.3129480769847	0.9
4.68070498760913	0.9
5.51437094748215	0.9
4.94215824621531	0.9
3.65152387450333	0.95
6.34215377595823	0.95
6.67557597840378	0.95
6.37632599166292	0.9
4.47578239999554	1
4.49886886270523	1
1.32354858544407	1
6.59900540515249	0.9
3.6576862021705	0.95
4.3778584965029	0.95
3.56418527309786	0.9
3.7425715433298	0.95
4.07507671189018	1
4.70678879647666	1
5.1736315463632	0.95
6.23886600223095	0.85
3.027020158747	1
5.78732699310903	0.95
5.71768621975473	1
5.19266585016697	1
4.14203639727063	0.9
6.10441469907728	1
3.61038638651855	0.85
2.85647933247392	0.95
3.42768760495135	0.9
4.69345746379555	0.95
5.64804139191076	1
4.47129556167126	0.9
5.44712889429072	1
4.44614293286701	1
4.56843358636207	0.95
4.7500632650267	0.95
6.87961414459601	0.95
1.32486638924044	0.95
8.050541102261	1
2.73213546048648	0.95
4.46220780102319	0.95
4.72072802577708	1
4.98375931961602	0.9
9.43809435858272	1
6.75534245285841	1
1.66393202541976	1
5.45231075594206	1
4.3992424969176	1
7.98718506972026	0.95
3.99179072489639	0.85
6.61688318640526	0.95
4.54863775767711	0.95
2.04058926222355	0.9
4.33260751410819	0.9
4.22419314464632	1
4.69820311561993	0.95
4.83986210830282	1
4.90788019594458	0.9
6.60886565343392	0.9
6.24610327854973	1
3.57379553009262	1
4.9215050034792	1
5.78621006766585	0.9
4.56865609772344	0.95
6.34096357858637	0.9
5.42277835474759	0.9
5.32794385512326	0.95
4.01285562201314	0.95
2.33630773995859	0.9
5.29424263100303	0.9
6.79701952085141	1
4.44640064753121	1
4.15599485707594	0.95
4.85943417025633	0.9
5.08038151214808	0.9
3.08300053482844	0.95
4.63722326742462	0.9
4.34654143438851	0.95
1.18239538691176	0.95
3.14526724785379	1
6.66544641821715	0.9
3.76964543827745	0.95
5.41550130702415	0.95
6.20887724883521	1
4.9062413360759	1
4.42076627680294	0.9
7.26033330792916	1
3.98917978147718	1
5.59548955320787	0.9
5.07132711475464	1
4.09185193795862	0.9
5.10330759574192	0.95
5.33170949191109	0.9
4.04514489950919	1
4.00007613868232	0.95
1.45906992846698	1
4.52931277194976	0.95
3.55507031116014	0.95
3.85505153401741	1
7.72882358850389	1
5.8094425105581	1
7.46834616401708	1
5.56029147155981	1
4.27141811979125	1
7.56097504714817	1
5.01705044993907	1
5.77311696988348	0.95
5.12805290763053	0.95
5.22586666982189	0.95
4.20146824686439	0.95
6.14999803660077	0.95
4.37546561931823	0.95
6.51674680644393	0.9
3.7228190031723	0.95
2.32288160270461	0.95
4.73830779490079	1
4.49607740150065	0.9
5.8043725166054	0.85
5.33191766512781	1
4.54377875600002	0.95
3.89685119607643	1
5.32242472777095	0.9
4.09548452036753	1
3.89355923750256	1
7.61363996933416	1
3.55074092129155	1
3.89586341078877	0.95
3.58346671061847	0.95
7.34717095683738	1
5.57139576029445	0.95
5.80319640467103	1
8.78466429392915	0.9
8.35648808625437	1
3.28243786671709	1
4.68189206081368	1
3.28877149444328	0.95
0.997328841692818	0.95
5.13509703558061	0.9
3.72231085692142	1
4.30750422239119	0.9
5.99102523149154	0.85
3.2183059546995	0.85
4.29113521897381	1
3.2217192997164	0.95
2.83218232055887	0.95
5.48037526720059	1
4.60055462059203	0.95
4.44243315432584	0.95
3.66930473948223	0.95
5.54090535466687	1
5.25102490711727	0.9
4.93641919786784	1
3.84616544970035	1
3.13279970182097	0.95
8.72464751697902	0.95
5.9447395038865	0.9
3.07603492447035	0.85
5.03642601558436	0.95
5.16667231939574	1
7.03549752685539	0.95
2.42622724015296	0.9
4.24642708381178	1
4.62969396367317	0.9
5.85899272463754	0.95
5.71571650597667	0.95
5.60728616858122	1
4.27249996094506	0.95
2.70256801073459	0.95
3.35983019074637	0.85
8.56396529679953	0.85
4.02363274055286	0.9
5.21252712819533	0.95
3.45171334199828	0.95
6.55259965662567	0.9
3.12053204657752	0.8
8.39413359417072	0.85
5.84232780908316	0.95
2.16435895080336	0.95
3.95218389356755	1
3.61939907067967	0.9
5.92420724813286	1
6.90595014762189	1
7.27312624200978	0.85
3.4970169142158	0.95
4.34231968749188	0.85
6.16141282044707	0.85
5.97646397741973	0.9
3.24399015476883	0.9
7.48462578445166	0.95
4.16505697036744	0.95
4.97317563571625	0.95
5.37763609466186	1
3.71302098858142	1
3.91421055896936	0.9
3.72283969070168	0.9
5.94030427618007	1
5.05121446661249	1
5.65692571038936	1
4.64260976406129	1
5.71689927563516	0.85
6.80906308174252	1
4.61518929988221	1
5.67121000029989	0.85
5.22343652429175	0.9
6.97825645756592	0.9
3.12293870098133	1
5.44447215151007	1
6.82191241420104	0.95
3.51934687616632	1
6.01998737354973	0.95
5.78320311566233	0.9
4.17912653498478	0.95
5.40915706438772	0.95
4.41952991408101	0.9
3.48306997036108	0.95
4.04293261654896	1
4.82682452188285	0.9
2.99350332319335	1
1.65717052839538	0.9
5.21827504931516	1
6.18738251597046	0.9
3.86423127767427	0.9
5.61719306602336	1
4.47206663540116	1
7.61595400588964	0.9
1.89143960421825	0.95
3.46351128000776	1
6.18244461726875	1
5.14154901945746	0.85
4.42603051659117	0.9
4.78750815264608	0.95
5.62722446537545	1
4.47803306791464	0.95
4.95951293753928	1
1.25780927362126	0.95
7.91476367515296	1
5.61744275206353	0.85
2.44627674755266	0.95
5.12464259659616	0.95
6.45359736358425	0.95
6.0139423744545	0.95
5.83125127866307	1
3.45652263736491	0.9
2.47559735986224	1
5.63179384372314	0.9
6.47746561164484	0.95
3.2152172656059	1
3.42078269541485	0.95
6.42011461668583	1
4.82749008030752	0.95
4.4203721005434	0.95
5.9009756612273	0.9
5.41200176258789	0.95
2.5662605102019	1
5.31577578698167	0.95
5.6540008997061	0.95
5.47079519330083	0.85
3.56120970692355	0.95
5.96156603785636	0.9
3.43029653035094	1
5.69574943633191	0.95
5.52928263461869	0.95
3.76893957096483	0.95
5.96030214951386	1
6.0688031466671	1
4.15213348695872	0.95
6.19578832921573	0.9
3.6458304745699	0.95
5.22711168019307	1
5.95192975108858	0.9
5.05514348357485	0.95
3.3197813321369	1
4.2136445812219	1
3.3513465642702	0.85
3.83148502821653	1
6.33970099278234	1
4.68655674077087	0.95
4.11984729756551	0.8
6.10996203239539	0.95
4.07345303320946	1
5.50944065261435	0.95
6.1081454462088	1
2.7435774325407	0.85
5.65411165693767	0.95
5.40290006976048	0.95
6.69931931295221	0.95
4.84049441721417	0.9
7.73871799080353	0.95
6.4777232258543	1
5.99919586377288	1
6.55932274019796	1
5.90203837479688	0.95
5.76279207308801	0.95
6.15039145650504	0.95
3.79762676958574	0.95
5.82532610317172	1
4.3975370436086	0.95
4.63258585595941	0.9
5.33723633618006	0.95
3.88135666930696	0.9
6.5664182039229	0.9
7.04491337336941	0.95
5.52908684058014	0.95
6.24471178873404	1
1.89335960221054	1
4.35862309575382	0.85
6.11204762915891	0.95
4.8819948744604	0.95
4.58695814555154	1
3.80624644610978	1
4.69306162165878	0.95
3.86618138198663	1
4.91347537933364	1
4.98175364319036	0.95
5.60442162954711	0.95
5.64658095272142	0.9
6.45651334906697	0.95
7.75219484480959	1
4.94477280274904	1
4.7460832557429	0.7
7.70515063526561	1
3.27730594385843	0.85
4.57234539085102	1
6.31881207536539	0.95
5.92999891973517	1
4.1463279806079	0.85
2.95572078321051	0.95
3.82194983438784	1
6.37432431479492	0.9
2.59441657812191	0.95
4.99489931181609	0.9
6.51674677215194	0.95
2.87186520026634	1
5.10472699155598	0.9
3.70415574956367	0.85
5.72837218257931	1
4.56140754589278	0.9
4.4176728910723	0.95
5.62755828648417	0.95
5.16493304294129	0.9
7.02504184133196	0.95
5.38600152043072	0.85
3.82000890493635	1
5.62496043748357	0.9
3.99362173591358	0.95
4.28421147507412	1
2.84743291803464	1
3.69811335109412	1
6.35509733252159	1
3.79888634004844	0.95
3.68673504307811	1
6.18549289282187	0.95
6.5713178852446	0.9
4.93827025526504	1
6.15452702602995	1
4.58544672581459	1
8.58696540338673	1
2.87245697692368	0.9
3.30739520228791	0.95
4.01234721174159	0.95
3.68323238280979	0.95
4.64912959016677	0.95
7.28820571528526	1
5.20083767464911	0.85
7.92451014679401	1
6.07607644229756	1
2.13346120112477	1
7.94601624838955	0.95
3.68814591992191	0.9
2.93854400102867	0.85
4.39022787110925	1
5.4712794410396	1
2.17994870099382	0.9
5.8754385146132	0.95
4.65752735486961	0.85
4.46386812265983	0.85
3.52213841762139	0.9
4.38587444895927	1
7.28074622526746	1
5.13017842588676	0.9
3.12672872297799	0.9
4.55891335943329	0.95
0.697478183442228	0.9
6.49945266024228	1
4.01935079601241	1
2.99026726799807	1
3.00904726403091	0.95
3.54508677269474	1
6.22669618469795	1
5.59720855978479	1
4.43672258850422	0.95
5.21833863299349	1
7.50883029538365	0.95
2.69571197401417	1
4.26804900475187	1
5.8520253378583	0.95
6.26824881899479	0.8
9.19080050997675	0.9
6.05015491170028	0.9
2.09110979233651	1
5.53203143825513	0.95
8.9663958816081	0.95
4.94710530308614	0.95
4.44509219394728	0.95
5.86954157596865	0.95
1.6773205842982	0.95
4.48506243915351	0.85
6.19979633378267	0.9
4.64031436433632	0.9
3.51806090448184	1
0.249288893498032	0.95
5.67645771298832	0.95
5.7869769076146	0.95
5.68264950036223	0.85
7.13771216430742	0.95
6.28382686639841	0.9
5.60577946335533	1
5.7123777324005	0.9
4.08667959464314	0.95
4.62759293701984	0.95
5.52876888035095	0.95
5.68004322995309	0.95
7.10607018632633	0.9
5.79619506721107	0.95
3.32829220757218	0.95
5.76899054020752	0.95
6.48219373076181	0.95
3.38848514169511	1
8.37385400577085	1
5.73653887664161	0.9
6.93742557412001	0.95
7.15974475142265	1
4.5544128260664	0.9
7.10033793534314	1
7.00943963545001	0.85
6.29586055855733	0.95
5.35985880506123	1
3.7768420334222	0.95
6.68458871999978	0.9
4.67181277891913	0.85
5.17920970976195	1
4.81503526432271	0.95
1.96195244274626	0.9
7.79737098501469	1
5.48778665382181	1
3.53664737778308	1
2.79978243307287	1
6.05273296158097	1
3.72099750751238	0.9
6.90412178565003	1
3.27049778929541	0.95
2.65856577349128	0.95
7.51533089913185	1
2.26589218003911	0.85
4.86053568550953	0.95
4.0500078487185	1
6.75130961545401	1
8.73109076217031	0.9
3.69009551497803	0.95
4.03545164046501	0.95
2.47726162437096	0.85
4.29550336894521	0.95
7.94902155502216	0.95
5.06456361291884	1
5.2469129691821	0.95
4.38014375840129	1
5.30861190423407	0.95
7.54722877605285	0.9
4.54959350932451	0.85
4.5887167496244	0.9
4.60902548683794	0.95
4.69398513359264	1
6.02154445956769	0.95
3.02587266987934	0.85
5.05509909119236	0.95
4.82815287141014	0.9
1.79078064713102	0.9
3.76325080925164	1
6.23118141450409	0.95
5.2106601284267	0.9
4.92422873298354	0.85
5.43653478551316	1
4.08828857600049	0.9
7.92058921294255	1
3.77404891264598	0.95
4.82321192842069	1
4.16975267780809	0.95
6.02533096787842	0.95
4.69805272275729	0.85
7.48544115597181	0.95
1.4417774307802	0.95
4.26045176548991	0.95
6.26938190237978	0.95
6.18665112452962	1
4.45528450946505	1
2.3493296713222	0.95
5.23264380208344	0.85
6.37921798924151	0.9
7.98273196189849	1
3.26695776344939	1
7.69958368472181	1
5.54232285827264	1
4.71352027365351	0.9
5.3432204922674	0.9
4.98477002943542	0.95
4.46053129815033	0.9
4.17771175353513	0.95
5.00804630914334	0.9
3.46715962651505	1
4.71874762302437	0.95
2.07788221500047	1
5.17390990922987	0.9
6.1415819178127	0.95
3.38453202091676	0.95
7.63845440356025	0.9
7.34713107619126	0.95
2.53750789926886	1
4.79330663728945	0.95
6.26285268115926	0.95
6.18577719470501	1
4.72335169762393	0.95
6.37171171409971	1
3.4027583720362	1
5.3228755321479	0.9
5.69112401602412	0.95
5.47045463623779	1
5.77798997907416	0.95
5.45285626743579	0.95
5.90063886030807	1
7.03267679952736	0.95
7.48366768813072	0.95
4.7696143554525	1
6.01043343966719	0.95
7.09109972049203	0.85
4.55774084031738	0.95
5.32345118975243	0.95
4.77331360393457	1
2.42333611361072	1
5.77337059440688	0.9
3.77530500595016	0.95
5.8264549734471	0.9
4.5861129329577	0.9
3.95728386469195	0.95
6.28584850638658	1
4.57754803076596	0.9
4.35970841111374	0.9
2.61408940218961	0.9
5.30599306139808	0.9
4.0922370576603	1
3.10936006798058	0.9
3.76282848906829	1
6.34218250848496	0.95
4.22072087901192	0.95
4.32351866091256	0.95
5.46908353886004	1
3.53158171155127	0.9
3.1690689199667	0.95
3.69809294029983	0.85
6.20887558323018	1
2.83371649047853	0.95
2.10082004682983	1
6.33720044276678	0.95
2.4858930914196	0.95
3.47952846636086	1
6.40186858942407	0.95
4.0346722061772	0.95
3.72307507400892	0.85
5.94845453002303	0.95
5.62304752399742	1
4.61538450918301	0.9
8.77418658682517	0.95
5.98585722902532	1
5.45063071167819	1
4.42832454983009	0.85
4.33742527113968	1
7.01222759201748	1
1.02819993590764	0.95
7.74118220341128	0.9
7.27928266465046	1
5.75002630333551	1
4.64491121753525	1
5.84452161666862	0.95
3.66764223083967	0.9
2.4069426345601	0.95
5.73188248373937	1
4.99228687807472	0.95
6.32083624104635	0.95
2.99880748378234	1
5.44079207699918	0.95
7.24304747573736	0.9
4.25879329347916	0.9
4.39193740396618	0.95
5.27953231592857	1
5.16443274584794	1
2.12584145886228	0.95
3.26989800803363	0.95
4.1440840587209	0.95
4.4013435195938	0.9
7.27933492282197	1
5.30502493462787	0.95
7.10063717415133	1
6.29890581646995	0.85
2.92701086971456	0.95
3.08852316609373	1
5.64154019895718	0.95
3.87685326085755	1
6.50763506466365	0.95
3.44292786894765	1
7.01387700106866	0.9
6.39219841934878	0.95
8.84110717151733	0.95
6.3041002196139	0.85
3.41326813013059	0.95
6.57530505794925	1
5.41607810519319	0.9
5.02602898132306	1
4.9085436424058	0.9
2.36271788167348	0.9
2.56002892932328	0.9
4.83727390125203	0.95
2.48569650610016	0.95
7.78205715915359	0.95
6.67542451205014	0.95
4.79749139971912	0.9
6.61056644029172	0.95
3.60175353673072	0.95
3.99020060038474	1
6.04689667538237	0.95
6.49651174200309	0.85
5.09367319807256	0.95
5.57793747788364	1
5.59803829867784	0.85
4.58363955576317	0.95
4.37343297970178	0.9
5.57205190605622	0.95
7.22538559758091	1
6.61064174822464	0.95
3.77712408174266	0.95
3.83431913730785	0.95
6.20709828022256	1
5.56616698995641	1
2.96473338922373	0.95
5.64961118642741	1
5.37247832585584	0.85
5.96841872559612	0.8
5.78062103184473	0.9
5.88081892880485	1
7.73069879317618	0.95
9.02932364853431	0.9
3.68609673866625	1
3.16665336543233	1
3.47952997082252	0.85
4.94808152102082	0.95
5.27464615437871	0.85
3.60553489716771	0.95
6.16429389611122	1
2.64271470283732	0.9
1.84094215774701	1
6.75577947074657	0.95
5.04900478136605	1
5.68069898046146	1
4.9268018397665	1
7.54856146737988	0.9
4.17891857413573	0.95
4.38245678858706	1
4.74638611329992	0.9
3.29561319931615	0.95
4.17949498300485	1
6.18997401553956	0.95
5.77607718648424	0.85
0.445307902483702	0.9
7.50655136975095	0.9
6.09461210177859	1
5.44438106366417	0.9
6.3064561659303	1
7.11155398498577	1
6.47828421485496	1
8.1448781954949	0.95
6.77135800258474	0.95
1.08565209707658	1
6.73900341723691	0.85
4.23809745186472	0.9
5.51217732258134	0.95
6.41311950195967	0.95
8.42316349285104	1
3.65796902458737	0.95
4.61149158146394	1
2.23799831253455	0.85
7.50132910056928	0.95
4.19914875298374	0.9
4.63640915020191	0.95
6.33971255167964	0.95
6.77364597425706	0.9
4.44145202573464	0.95
4.11121542276082	0.95
5.1640920223871	0.95
2.45098965199917	0.95
5.52100355669739	0.9
6.14979951379545	0.95
7.37228526662682	0.95
5.33690430383916	1
4.70937004296781	1
5.11525176152174	0.95
6.8480043107705	0.95
6.61663765331289	0.9
2.96292677793961	0.95
2.84471521840447	0.95
5.48488124071004	1
6.96785959664875	0.95
2.50539186193691	0.9
3.56983659463567	0.9
2.33366603615622	0.95
5.11364125526178	0.85
4.45495508577584	1
1.57161436258131	0.95
4.51792213106204	0.95
1.3265517838612	0.9
3.0641552269498	1
7.93835504116909	0.95
5.70793017921991	0.9
6.16984994356389	0.95
4.81813351271568	0.95
5.29873411332756	0.9
3.64287165080631	1
6.61561045111154	0.95
5.3023294161243	0.95
7.06270700454525	0.95
1.00918471872764	0.9
2.88765457033795	0.95
7.17842855397703	0.85
6.0472391995872	0.85
5.76689589335644	0.95
2.89958556903407	1
4.09793999147948	1
5.49884268505867	1
5.63542609695057	0.9
6.00755812894818	1
6.63126958116797	0.9
4.51725470663877	1
4.69144057945507	0.95
4.11661904422518	1
5.72672395864729	1
5.45014200512182	0.9
3.55803183290666	0.95
5.12596452891588	0.95
5.98391324870853	0.95
4.91676827426672	0.95
2.67137078542038	1
5.84242214097278	0.95
6.17284291453738	0.95
6.40255492323501	0.95
5.76478428420248	0.9
5.36658937946234	1
3.8563193680562	0.9
3.65842642670463	1
5.76159687429081	0.9
6.06244680240551	0.95
3.69263559126791	1
4.94763745074732	1
4.6189370624071	1
4.2710098809288	0.8
5.34400479508927	1
3.76186679413967	0.95
3.57176741347551	0.95
2.11898252862833	0.95
8.04351447749306	0.95
6.6075756517861	0.95
4.70580491598771	0.9
3.9817532560984	0.9
4.2673062943066	1
4.00442917870137	0.85
4.72967569544362	0.9
1.71504071157083	0.95
4.53308407699914	1
7.48284345038372	0.95
5.66695368721563	0.9
4.50547195790221	0.95
4.81156953674249	1
1.80931562212274	0.95
5.25450928226599	0.85
4.57357431507932	1
5.57765176054508	0.85
5.72110065560798	0.9
6.25040473057887	1
4.38143203073613	0.95
6.98698425398464	1
4.97779637161227	0.85
7.91530138061236	0.95
3.58306826247282	0.95
3.49135417966405	1
6.37702646551224	0.95
4.65835262459574	1
6.76637716741614	0.9
5.88433611040053	0.9
5.30979181062046	0.85
3.82891068822787	1
3.90841860119655	0.95
2.94947108298943	1
4.69760371243588	0.95
2.99512029063512	1
5.750570281125	1
5.27563155191371	1
2.67061304963931	0.95
6.75018296295947	1
4.50347103447007	0.95
3.29538093076382	0.95
4.01435649099372	1
4.0908791941693	0.95
5.70274217090039	1
5.58171332490397	1
5.22141241161531	0.95
6.20527226380865	1
6.0522778065374	0.85
5.54544915802427	0.95
4.35179451231929	1
7.00496264029066	1
7.70147945828815	0.95
6.98289459279693	1
5.44554338957368	1
3.451700805326	0.85
3.35541985869323	1
7.93900331007385	1
6.86408683438093	0.95
4.53520911676722	0.9
3.16870351646567	0.95
4.41536585998367	1
5.09460941161505	0.95
4.85692142817196	0.95
6.16512536345642	1
3.03189644066917	0.9
4.85706298352591	0.9
5.06449131730844	1
6.45783304729372	0.95
4.91107789984163	0.95
3.10185698571793	1
2.12266407575837	0.95
4.68713592182231	0.95
6.14689748599707	0.95
4.72283737088923	0.95
5.00015980610796	1
2.54931947627639	1
3.46338887313704	0.9
3.32282977111297	0.95
6.49309871337012	1
5.54878708897321	0.9
3.60243578155135	0.9
4.51366580574828	1
4.54456111878337	0.85
5.77498466041729	1
1.18097007746673	0.95
3.79308774041905	1
2.83534234165336	1
3.62681752253686	0.95
5.14197416834063	0.95
2.60544364237049	1
5.96470491745207	1
5.40553961895292	0.95
2.6817324740348	0.85
5.09488175442707	0.95
5.31291050135179	0.95
5.7214986814856	1
4.41151393140764	0.95
4.13455678282824	0.9
4.72621756100699	1
5.77861332068381	0.9
7.67214996529718	0.95
6.2690852993153	1
4.79504783215607	1
5.36382921340537	1
6.54902962137657	0.9
6.2344026811132	0.95
4.5468935314638	1
7.01862178409468	1
4.12773348288304	1
1.86287259379447	1
6.61520955782492	1
5.93692438372258	0.9
5.95163686138761	0.9
6.33889622373386	0.9
7.92989950182215	0.95
3.80671954927712	0.8
4.94346219224121	0.9
1.57647138392436	0.95
2.32295203653599	0.9
0.242538168205306	0.8
6.40585530639703	1
6.48659127736609	0.95
5.50170528207533	1
4.43833573537122	0.95
6.36223007531181	0.9
5.02575169623235	0.95
1.60364854243515	0.8
6.44826833500592	0.9
5.45935333910495	0.9
5.80544031886051	1
1.47899303301851	1
3.85671589839293	1
3.8706989010969	0.95
3.3453027793723	1
5.66873253114899	0.95
4.26453988552304	0.95
2.18154499366402	1
7.61083576415331	0.95
7.76798295485636	0.95
7.67847676774829	1
4.97021925212437	1
7.80417385917471	0.9
4.93233758780275	0.95
2.32423840168912	0.95
2.7163155244686	0.95
4.93329805333748	0.95
6.14327313691884	1
5.92830205827052	0.9
2.54748752408657	0.95
3.49050526953962	0.95
5.27596660342582	0.85
6.54735937018351	0.85
6.16782861561078	1
6.63834985858177	1
2.4063219779755	1
5.62685613581279	0.95
6.43931158938868	0.95
5.57590953195868	1
3.63558725465288	1
7.67244102094766	0.9
4.06071985169456	1
4.65062456725924	1
4.3171439201873	0.9
5.07011430204924	0.95
3.86242131390678	1
4.74072489720478	1
5.63818136018614	0.9
7.02023499409673	0.95
5.35167225115199	1
7.17277946473795	0.95
6.34010981939251	1
4.44384448089363	1
6.59438736991791	0.9
4.22380001059847	0.95
3.97836568873886	0.95
4.51255297282756	1
5.40471323544846	0.9
4.75224666915323	1
7.9167683164425	0.95
3.01348458436354	0.95
2.69419400855713	0.95
5.9462774379629	0.95
6.03206706355272	1
6.0085291639612	1
8.43593277927953	0.95
4.79277947556778	0.9
4.93118826814209	0.95
4.80523380883288	1
6.35922230324553	1
3.04891350512887	1
1.83416168606271	0.95
2.29105788575438	0.9
6.76843524599665	0.9
6.13563267198231	0.95
4.12332159883817	0.95
6.32742592839113	1
3.27681729609522	1
4.73920046437075	1
5.59071300986541	0.95
5.39500351542194	0.95
3.9297397596728	0.95
5.39205708048111	1
5.40262560666376	0.95
4.52614488542703	1
2.60520409161168	1
5.994968788525	0.9
5.22805709594518	1
4.11726106000783	1
4.69281119706843	1
7.19034689244004	0.95
4.76983841004138	1
6.15731112993424	0.9
5.32591502018092	1
3.43300651686364	1
5.93277440155061	0.9
2.52343667870609	0.95
2.83594461406614	0.95
4.94981467000346	0.95
5.70719733714161	1
5.87526551039784	0.95
5.08338595288416	0.95
4.67588859852045	0.95
3.63014833064893	0.75
4.86765400343962	0.95
4.8346028743727	1
6.10131239531976	0.95
3.31650147562254	0.95
6.02498128917916	1
5.1786756745851	1
5.21536943875287	0.9
4.48137879759856	1
5.65665046909397	1
5.41711363158558	0.9
2.94271289237722	0.95
2.7483422400024	0.95
1.40263943945529	1
6.67971572203982	0.9
7.46645177801014	0.95
6.3901035048858	0.95
5.32603360730285	0.85
4.67976283568256	1
6.38120466581498	0.9
4.6439548036958	0.95
5.69978303368252	0.95
1.14658407235267	1
5.69825375824303	1
3.61677287937965	1
4.9469034018241	0.95
7.34473013468799	0.9
3.74171955729314	1
5.42159939732999	1
4.47083215408633	0.8
5.73726190953268	0.9
5.11187812766481	0.85
4.45364250333105	0.95
4.20798314898674	1
5.29932264562797	1
3.97522657262898	1
4.78764844126329	1
3.30612056927061	0.85
7.44397936029347	0.95
5.24163219027252	0.85
5.18623176650603	0.95
3.92977757118594	1
5.96832751223782	0.75
3.37080636364868	0.9
8.75629320040611	0.95
2.96570964356651	0.85
2.31594572344271	0.95
4.71127613890558	0.95
7.79240246714346	0.9
4.02451808106003	0.95
2.18341707001074	0.95
5.99510269596564	1
4.87414116071415	0.9
4.66307423512081	1
5.03433078590391	0.95
6.68348970822426	0.95
5.12658205892446	1
3.08478019900091	0.95
6.47886429658481	1
5.33993380880677	0.95
7.25295197891663	1
2.52227083706555	1
1.75166261434797	0.9
4.99547122419733	1
5.73893620215265	1
4.90970616528119	0.9
2.13161777156233	0.95
1.89776056589603	0.9
3.02386588639892	1
0.815802206543338	0.95
4.75181042667666	0.9
6.94969890695107	0.95
4.54545821242127	0.95
4.66892315891731	0.95
3.82305975263673	1
1.58707914763501	0.95
4.91779635444356	0.9
6.35373412813083	0.95
4.09542099852592	0.95
4.70925895428109	0.95
5.21023370016856	0.9
4.04676717573532	0.9
4.39509674522925	0.95
5.05875918469771	1
5.61773733223676	1
3.20075274255937	0.95
3.58994806852753	1
5.94551190296481	1
5.34109532628425	1
6.45638731063309	0.9
5.26921308325333	0.95
4.71383059397395	0.95
5.63475297691777	0.9
2.8900751861905	0.95
3.68657234474977	0.85
5.3667727696579	1
5.90103593104337	0.95
4.74680213206218	1
4.38905166680066	1
2.44438195328838	0.95
4.9843096688208	1
6.87827355255293	0.9
4.23136752792979	0.95
6.85431573466832	1
5.97648134167429	1
5.10900256094926	0.9
5.848559809181	0.95
4.09874826039531	0.95
3.02576713511159	0.9
3.71271048793919	0.95
3.8150014321102	1
4.31132879756263	1
4.88262757343834	0.95
4.73693123492561	1
6.8815038401163	0.95
6.73311018083994	1
3.18008722596535	0.9
6.67200433869057	0.95
5.39522270747001	0.95
6.98541852947631	0.9
5.15926012035922	0.95
8.89005230122218	0.9
5.13164391750505	1
5.44037863864371	0.95
6.85069524499155	1
6.83600036116505	1
6.99597774971492	1
2.95557691106731	1
4.72687943471705	1
5.86804366045852	0.9
9.80839016136189	0.95
5.10593270928165	0.95
7.09161730239633	0.95
5.7115613229834	0.85
1.85465714556753	1
3.87422616155495	0.95
3.00944781538546	0.95
5.10952692108811	0.85
6.33160890661791	0.9
5.92973066920948	0.9
2.53906293810566	1
6.20992266160489	1
4.46566191194387	0.8
5.54205269252874	1
5.62003938664151	1
4.43942432483848	0.8
6.33285309076451	1
5.38554019783799	0.95
3.72112763734692	0.95
5.06557009733671	1
7.09721860663644	0.95
3.17067607609635	1
4.46706314223757	1
6.21774924967747	0.85
6.0144699810251	1
5.68869942849866	0.95
5.11846761211009	0.9
6.83156093806591	1
3.35416209917991	0.95
5.57047462998082	0.9
4.25150203366744	1
5.09231697842385	0.7
4.29564277598167	1
4.72770801385001	0.95
5.10778804410624	1
5.57502723486856	1
5.38350815265985	1
4.39147854566502	1
4.431485610084	1
4.27648138060606	1
3.8429230077713	0.85
6.33839588057565	1
5.98475979303273	0.95
5.46040113964912	0.95
6.47343442979345	0.95
3.18915304522616	0.95
6.83740176391025	0.95
5.95840821389796	0.95
3.55893151059045	0.85
2.40023674066819	0.9
3.79473344824304	0.95
5.70427930642531	1
6.12541203214366	0.9
5.20243799837226	0.95
2.77680848365499	1
5.41558679975377	0.9
5.87573112297861	0.95
1.16385147939812	0.95
4.25897101967252	1
5.70141077317778	0.95
2.2923998838065	1
4.96935809706043	1
3.26702030724967	1
4.30670639672515	0.9
3.07673487426851	1
5.26275616483776	1
5.50123524524425	1
8.03454626012223	1
3.13399602126356	0.9
4.10503357977783	0.95
4.04895382518333	0.9
4.99948871358819	0.95
5.03586733493368	1
0.867708879864353	1
3.17460159114864	0.95
6.65010551875968	1
7.22313172948792	0.95
6.32372933422161	0.95
4.15074790203684	0.9
7.03857132418085	0.95
2.14200953600454	0.85
6.75876718630387	1
4.8368643712338	1
5.4773036058663	0.95
4.85462025266172	0.9
5.79214954249978	1
6.77096054842623	1
6.15887134933107	0.95
5.29837961321151	1
3.45682817440794	1
5.87957721756552	0.9
4.59228706006114	1
5.50183489610771	0.85
4.16629687431604	0.8
5.34472085490339	1
3.90412655982515	1
4.63475788542788	0.95
2.8792274687765	0.95
6.5804910793114	1
3.39076657637837	1
3.99532988338203	1
5.05883237413411	0.9
4.48898508069518	1
5.96091033350682	1
5.61686823286628	0.95
5.28617121098434	1
6.12996874101658	0.95
3.58219584783679	0.9
4.55825359782436	0.85
4.55975826379997	1
3.32574761165011	0.95
6.49098628480906	1
4.99376714236664	0.95
7.75013524277536	1
6.5961761835479	0.95
4.29702854348107	1
5.99016744526969	0.95
4.1619578199664	0.9
4.24099546791883	1
6.2978561524972	1
3.63341462616989	0.95
5.43582894989799	0.95
9.57452234416259	0.95
3.33961432856836	0.9
3.93750266728484	0.95
5.32962478138627	0.95
2.80369188130475	1
3.77579221176079	0.95
7.22221936992772	0.9
7.33953656432081	1
4.08897565485576	0.95
3.49070117688388	1
2.46021634275909	1
4.12771564922809	0.95
3.52972003794906	0.95
5.11988873370787	1
1.34580943102937	1
6.04369273736288	0.95
5.91621490304252	1
5.87998525368218	1
2.94782900584804	1
5.59935209742332	0.95
3.28270381814489	0.9
5.34508945821825	0.95
5.84775157048693	1
6.45364579158259	0.95
5.77242598762507	0.9
4.14669598160106	0.95
5.40833363711923	0.95
7.29093558526961	1
4.62261383249898	0.95
6.74652727602533	1
5.52351268740141	0.9
5.54177379187012	1
6.66142497332395	1
4.62672587755129	0.95
6.12080294770512	0.95
3.33832815117609	1
5.00721951808887	1
4.00928365909356	0.95
6.56856852887019	0.95
4.00114229898909	1
5.12220088130551	1
6.66607397829288	1
4.90295401167043	1
4.32366632543434	0.95
2.87599839103245	0.95
3.87923259055349	0.9
3.23055355955207	1
3.07301704599873	0.9
3.74331484124312	0.85
7.21063525311017	0.95
6.93124805719405	0.9
5.1605254328156	1
3.86883796384619	0.9
1.91607028638908	0.95
7.39991002487005	0.95
4.32667807681426	0.8
5.75509670304165	0.95
3.5972756534428	0.95
3.84107334744188	0.9
6.67067778042564	1
2.55605533865661	0.95
5.67971832259022	0.95
2.64283502148043	0.9
4.27202768310157	0.95
5.70915730640948	1
3.84263353074963	0.95
3.91414708968786	0.95
5.55217281003119	0.95
4.01832297046087	1
2.11201433957317	1
2.80922926201713	1
2.29366783641473	1
7.17672022755341	0.95
4.26994166287323	1
5.27145190256326	0.95
9.01832450425939	1
5.86599421891035	1
6.10786023268776	0.95
2.23671024764016	1
8.72450005890994	0.95
4.5670026622975	1
5.23595031256145	0.95
6.78572034256368	0.95
3.82638701322767	0.9
3.36760704994936	0.9
2.96654661650056	0.8
4.48112036418082	0.95
3.82048543372531	0.95
4.89861589360665	0.95
5.54034030216879	0.9
4.86123996063978	1
5.03217929061455	1
6.5951806236094	1
2.75057149239421	0.95
4.06618112350616	0.85
4.59917440256475	1
5.57837104090648	0.85
5.63637890914683	0.95
9.66594605763085	0.95
8.00776724298352	0.95
3.86777180412871	0.95
7.69681075843409	1
6.2599719190924	0.95
5.35361581380753	1
4.93399643564417	0.9
4.98721785401316	0.9
5.51499842979897	0.95
2.42344249440386	0.95
4.60609921676206	0.95
3.26492166404465	0.95
2.25431061451704	0.9
5.08668654480314	1
2.64229968112005	0.95
2.79612457456373	1
5.72535355158229	1
2.02742182939975	1
4.8218329421162	0.95
4.52465819663779	0.9
4.22630919697772	1
4.97048193808789	0.95
5.58354599076387	0.85
3.83303937632488	0.85
8.36245419182384	0.9
2.1497846935587	0.9
8.51060747481582	1
8.62867913279005	0.9
8.57995343455443	0.9
8.37931514260025	0.9
4.63354462972752	1
7.98585425338731	0.8
5.42901688752154	0.9
3.76203837341305	0.85
4.96970697567604	1
3.54075984475221	1
0.43871090091445	0.8
8.1791194717754	1
4.34782417537678	0.95
5.42238206680658	1
5.8836752132568	0.95
6.14871436249966	0.95
5.3702124527379	0.9
6.25255459345768	1
4.53717816940751	0.9
8.5812577530145	1
4.93518489304285	0.9
2.85382261560843	1
5.51775374573733	1
5.9049268290604	1
6.40884120789301	1
6.09840799032852	1
3.72299942686687	1
2.41093777825379	0.95
2.47904047456666	0.95
4.09184310996587	1
6.26640077663318	0.95
4.40754095949453	0.95
5.86804768837739	1
8.2171406594344	0.95
4.93386201481494	1
5.79742141576159	1
4.54830275703435	1
6.69895332183865	0.95
5.10421429745757	1
6.51507995321738	1
8.49985824981376	1
3.40754311821993	1
5.85337170823851	0.95
6.76588382120375	1
2.38327996497076	1
4.31652235320912	0.95
5.49054590482045	0.85
5.43101870664676	0.95
4.33727709487058	0.95
5.87914686058571	0.85
4.6515875265595	1
6.21142459776356	0.95
3.88698954843666	0.95
5.84670666176908	0.95
5.60087301950915	1
8.16098742799729	0.95
4.58089674949412	1
4.08420860671006	0.95
4.0378940419447	1
2.10049513146199	1
6.35800380609805	1
5.85420363971647	0.9
6.6971684390168	0.9
5.43394564918819	1
4.86244858019815	0.9
5.34654873783008	0.95
4.72982392588981	0.95
4.21930576217779	0.9
6.84423338717469	0.95
5.33352609380263	1
4.79407715177188	0.95
4.52560688354459	1
6.42554608210201	0.95
4.3517224199247	1
5.90542616397393	0.9
5.55800288724408	1
4.47942629709086	1
5.13134768821308	0.9
6.22939527305692	0.85
6.81511507948963	0.9
6.18303542984342	0.95
4.87276392193685	1
5.51376954663306	0.8
5.94573165163197	0.95
6.51196462194949	0.9
8.12089093646974	0.9
3.92587770286298	1
5.74627211692351	1
4.85153371063256	1
4.1023017977673	0.9
5.96008579661916	0.95
7.05903653026376	0.95
4.28929347300148	1
3.17832117253524	0.95
5.22117110276884	0.95
4.2665301022853	1
6.43033579023014	0.95
7.14507999902504	1
2.40242121806334	1
5.79394814055897	0.95
5.70659858582599	1
5.58385508137738	1
3.03189778636335	0.95
5.19898365497653	0.9
3.21877603232963	0.9
3.36840018383841	0.95
3.61744941357413	0.95
4.7891847347491	1
1.82032295140776	1
3.00899075762543	1
6.78155594297062	1
7.74933668312936	0.9
5.6483837504681	0.85
5.50991882097055	0.95
4.98844059112955	0.95
4.35139349430174	0.85
2.13386581122305	0.95
5.97253716287006	1
3.9075141072566	0.9
3.99944963048089	0.95
4.3978977732722	0.95
5.32679705911776	0.9
7.81154683278076	0.95
4.39867170474469	1
8.37784321529016	1
0.00793275000569871	0.7
3.82229372158772	0.95
5.18681479564843	0.95
5.65074116592096	0.95
6.79300256372421	0.85
6.91581969424728	0.95
6.04932506991421	1
5.39730017611217	0.95
3.36474949080116	1
5.32379791627234	0.9
5.24785070922185	0.95
4.59262263447653	0.95
5.00791425891024	1
7.25156805774317	0.95
2.68020610582724	0.95
3.2534218267378	0.95
4.32962092456096	0.9
7.18025057962958	0.75
4.87607025444967	0.95
3.93931715688385	1
3.73995249317632	0.95
5.40181533489847	0.85
7.27408873259899	0.95
5.60652108853933	0.95
4.83013454802114	0.95
4.04182031120174	0.9
8.17961504568905	0.95
6.08776645303173	0.9
6.21888545631997	0.95
6.38219665721073	1
6.4318468419391	0.9
6.61720205926619	0.95
6.16375589758565	1
5.45654966347151	0.95
5.58864384983359	0.95
6.16919118980612	0.95
7.98973761003486	0.9
5.96882974613655	0.9
4.57888648046834	1
3.26394937986979	0.95
6.80400896382429	1
5.64362201913218	0.85
2.24870000424083	1
6.56510734331061	0.95
6.58306837539241	0.9
5.39895661073982	0.9
4.06070096170003	1
4.44558485291098	0.95
4.99855230305438	0.9
6.86447146246552	1
4.3257347205698	0.95
4.99845469236989	1
4.17057965146632	0.95
4.71702356859962	0.9
3.68661362071767	1
3.87357903009651	0.85
7.41311344184964	0.8
5.84127267620048	0.95
3.7348369156073	0.95
5.02200407904752	0.95
3.08022631496396	0.95
6.17236117576581	0.9
4.69188544074534	0.95
3.23018688859618	0.95
7.25432788189893	0.95
5.78016372335739	1
3.86687077122971	0.95
5.15604821136987	1
5.59799952924982	1
3.80379814499046	0.95
5.64457754463035	0.95
3.91308279780407	0.95
5.07256561421083	0.95
6.22256914752167	1
4.08927157788765	1
2.50781879754536	1
3.44431923126597	1
2.81959237005896	0.9
4.97948830068142	1
5.89813913586546	1
3.80052839053179	1
4.90701055892267	0.85
4.58547764956378	0.9
6.11778308965352	0.9
6.62516936427484	0.9
4.28167623616828	0.95
2.97743531518116	1
3.39285097772962	0.95
6.14718561567052	0.95
7.12701814550589	1
4.3627015759732	0.95
4.38921277549662	0.95
4.45821753963384	0.9
4.41194428263768	1
5.73943248121293	1
4.13783262418048	0.95
6.32547383894572	0.95
3.16272892801015	0.9
7.71251809614835	0.95
4.69345788900406	1
6.25025546418177	1
6.89500603546043	0.9
4.9477989537161	0.95
4.0969069830866	0.95
4.34113683471359	0.95
5.24703549837351	0.9
5.00232953715653	1
7.60539297287127	0.95
5.14837151773159	0.85
6.06974585958275	0.95
4.06525043624572	0.95
6.52324316452805	0.95
3.82623723975278	1
4.8952963295908	0.95
6.15497714990163	1
3.96297419588995	0.95
3.77722281559419	0.9
2.47276089729524	1
5.37949953927563	0.95
6.01908361027335	0.95
4.94090825098868	1
7.31403244869441	0.95
4.5668670723769	0.95
7.76778985569128	1
6.64341462170254	0.95
5.46161145496431	1
5.32227026956641	0.95
5.33779766550717	0.95
5.16222036966991	0.95
6.18365177747859	0.9
5.05897717204653	0.95
3.19617766540079	0.95
6.04470657346147	0.9
3.78192069325934	1
6.37931255205194	1
4.96654219224502	0.9
6.93814810567954	0.85
5.21976656846645	0.95
3.67122322243413	0.9
3.06897966979652	0.9
5.69196566784296	0.95
5.4056595194915	1
6.77231946021644	1
3.07189007737288	0.95
4.41273622956083	0.95
1.83760410999632	0.95
4.38959395385587	1
5.00362604685038	0.95
2.33895434477924	1
5.51349737504391	0.95
4.46762006535547	1
2.81125972305737	0.95
4.37785352534	0.95
4.8283464727348	0.95
2.4939960597089	0.95
4.83803594906798	0.95
6.26193857434517	1
7.75182896797119	0.95
4.88173818060529	0.95
5.59374187575124	0.95
2.10770642836538	0.95
3.75425635252394	0.95
4.3331817428141	0.95
5.04719295560799	1
5.77629722863295	1
2.57578967273051	0.95
6.05891918366964	0.95
5.22061624259535	1
3.16545029574664	1
5.97628911688449	1
5.90766396808896	1
5.26927144952343	0.95
2.6422789741771	0.95
3.59902679737762	1
5.62399935951944	1
4.81744230480337	0.95
4.4936947693728	0.95
7.14065661568291	0.95
5.03976755625457	1
2.55325459136484	0.9
5.78126663617638	0.9
6.91215776032526	1
6.8263501797429	0.95
4.70182054059346	0.95
6.2959948043324	0.9
4.39229692507279	0.85
5.1376060851582	0.9
4.98748026611222	0.9
9.09286866300202	0.85
8.38082341301823	0.95
6.1335540085857	0.9
6.06048197349364	1
4.29587790390906	0.95
3.70683482667613	1
4.36580298829307	1
4.26781531034015	1
5.73455403256415	0.95
6.23154085799594	1
6.55986426022513	0.95
4.6955081446522	0.95
3.54615516341317	0.8
4.10664200039275	0.9
7.27313883469861	0.9
5.75299035661623	0.9
4.41434878300564	0.9
2.28296844972218	1
4.67993754169779	0.95
8.36980420290338	0.95
1.73519787034929	0.95
5.84191518207712	0.9
4.92614422373584	0.95
5.04706855374347	1
2.66594601284057	1
4.23260476201504	0.85
2.41738553627056	0.85
4.96959399237742	0.85
5.10484291033777	0.9
3.71462023117599	0.95
4.14595527360401	0.95
4.95747383664065	0.95
6.24535591009862	1
4.15459775252303	0.95
1.58385656580955	0.95
2.75576327159205	0.95
5.39598951410305	1
6.57275487552795	1
3.57317056420946	0.95
6.94194886969288	1
7.3755404336795	0.95
5.13916811237439	1
4.50262501146386	0.95
6.02275347891432	0.95
4.60080731195759	0.9
4.39775548486998	0.95
5.34777481946188	1
0.127693803109739	1
5.56765473757005	1
4.88867191863472	1
6.32827746932476	1
5.29689854565482	1
4.57509084742926	0.95
4.65700745795852	0.95
4.14323117458851	0.95
3.67417145352852	0.95
7.60886299144087	0.9
6.28203036982371	1
5.98706799341673	0.95
4.8969341461605	0.8
2.92059769112435	0.95
4.32463053768587	1
4.40757759577197	0.9
5.15550070206771	0.95
7.21950380475687	0.95
4.30888189294558	1
6.0420173648612	0.95
3.63409383300836	0.95
2.79883317203013	0.8
3.83843423342005	0.95
3.12400757861326	0.95
6.63675676880104	1
3.51490412707076	1
7.11233214096969	1
6.39725408469125	0.95
5.05696182711658	1
3.52059943649154	1
4.02040902401675	0.9
2.4580751381477	0.95
4.70416884822193	1
3.70324908176293	0.9
3.44202074660569	0.95
7.28915315021577	0.95
4.46235491244786	0.95
5.6651016603607	1
5.80349577150475	0.95
7.87261701261677	1
3.61816012158185	0.95
4.27919757912825	1
3.47403255778542	0.95
4.96711623275928	0.95
4.50118766176554	0.9
4.80236294284849	0.95
5.41669256745334	0.95
6.95418941285219	1
4.38913688498694	0.9
3.15906354410086	1
4.04705542521595	1
7.56595075113908	0.95
4.56679324950736	1
5.90786052349082	0.95
3.92182923982059	0.9
4.73008834006867	1
5.36328365488455	0.95
5.1867239985603	0.9
4.53010932361968	1
8.30803179397647	0.85
6.73927750219123	0.85
6.92208880680001	0.9
2.70856072339516	0.95
1.20221255887894	0.9
5.13400526274124	1
0.318815293644341	0.9
4.54159475540512	0.9
4.78076920676949	1
4.36816735276578	1
6.19817845712633	1
1.61947360387406	0.9
2.75817644230869	1
6.91450304423105	0.95
3.86344203154715	0.85
7.09947319524438	0.9
6.18971320623184	1
4.60866017488337	0.75
6.77218206125961	0.9
5.80946206464215	1
3.59199451704127	0.9
4.49760733989861	0.9
4.29733087457756	1
7.32832077083703	1
5.26731499239128	1
3.26212391002648	0.95
2.52781963001659	1
4.35252633809394	0.95
4.09943143946944	0.95
4.3595669271179	0.95
4.39453470049494	0.95
4.55055477118271	1
5.76587420526132	0.95
5.68013126782696	0.95
3.81809422512132	0.95
2.72854437439675	0.95
5.99297770821497	0.8
5.76723788658087	0.95
5.10770590181736	1
8.13959418902721	0.95
4.61423439708436	0.95
3.05725222359283	1
2.92762271597016	0.9
7.32128451145955	0.95
6.34204281458114	0.95
4.46231588965999	1
4.11044494803263	0.95
3.90752304552942	0.9
3.27006119744837	1
4.55680523448441	0.9
4.45234004279324	0.95
4.21314563797829	1
3.44658067119442	1
3.84648045550421	1
2.8607456198107	1
7.38977202209311	1
7.16739420734572	0.85
7.81825927420269	0.95
5.27336418081924	0.9
5.65366112825226	0.9
6.58198785752074	1
6.97609183990026	0.95
4.03833010170637	0.95
2.51143788310734	0.95
7.73047072239398	1
5.67091207417468	0.95
1.94871149294398	0.85
6.46931743770316	0.85
7.50968316387375	0.95
6.26561536564184	0.95
3.71431532587559	0.95
4.98440984410391	0.95
9.79545448284833	0.9
1.02959835768812	0.95
4.07590831568034	1
5.24919773654089	1
0.759576051181575	0.9
5.81138670368069	0.95
5.37653111149096	0.85
3.63350757250471	0.95
7.14336496568127	0.95
4.92594077012956	0.85
4.6132211718186	0.95
5.45211131974873	0.9
5.65426228617211	0.95
5.57389805443733	1
4.44866278837589	0.95
3.78375963945829	0.95
4.04824981481775	0.95
6.34370349543043	1
4.01332050155593	0.95
4.52818015060755	0.9
4.07976031286104	0.9
3.26139992493711	1
4.10387151215014	0.9
5.75241577398898	0.95
5.25018680728144	0.95
4.8502252546948	0.95
5.98053959052933	1
4.93711540173456	0.9
2.49413695705928	1
3.69222067251538	0.95
5.72478774587684	1
2.97283010152892	1
4.61355011654938	0.95
4.67836676497369	0.95
4.06203609002461	0.95
4.47948314308232	1
6.36321028633419	1
3.9261963493607	0.95
5.93651668403233	1
1.92273880269658	1
5.96808971493348	0.9
7.49978180109358	1
1.68236776942021	0.95
0.700782036400105	0.8
3.12842746309913	0.95
5.27960219096289	0.95
4.53624151952701	0.95
6.88157110023805	0.95
4.73372099218978	0.95
4.07052600772099	1
3.76516453473155	1
6.40067390873828	0.95
8.52934610340449	0.9
5.60867851950753	1
5.02198087623027	0.95
3.11508660286446	0.95
4.38372003605069	1
4.15748665804825	1
5.7518674252749	1
3.25848654972513	1
6.22915033581066	1
6.48073622823174	1
3.55041551972591	1
3.95277330930132	0.95
4.79275514267867	1
7.86991037621184	1
5.68453704581751	0.95
5.15715146668683	0.9
4.43370060932436	0.85
4.77059768201802	0.9
5.43083479015421	0.9
5.78102722169737	1
4.1673477612601	0.9
5.77410285151588	0.95
5.92351192041221	0.9
6.41684406737088	1
3.4015518863587	0.95
7.85762666662017	0.9
5.98155596226627	0.85
4.1858076735236	0.95
5.54276127262359	0.95
5.90981283907666	0.95
6.97130236670331	1
5.02149076605464	0.9
2.22781888826125	1
3.65464571142877	0.95
5.40184387154024	1
5.1779353678248	1
2.31174152065747	0.95
4.58818822247949	1
6.87944128223491	1
1.64488058670071	0.9
3.07216553969331	1
3.68029324824183	0.85
4.74791034141392	0.95
5.87639007459869	0.95
6.10332779433352	1
2.53283904172882	1
3.74801353085766	0.95
4.34159772815019	0.95
5.99712379321036	0.95
5.78482475245078	1
5.08396460995632	0.95
4.26436799204674	1
5.8823565086291	1
5.77208856681563	0.9
2.38962230130433	1
6.76022111376368	1
4.66924189995829	0.95
4.48632050735758	1
5.01398046070431	0.95
5.22170452785085	1
3.95143676645137	1
4.52101070755645	0.9
8.12031638809739	1
5.82441152481992	1
4.03041286084703	0.9
3.68512212128698	1
6.3000511576245	0.9
3.60128312149296	0.85
7.36607680637412	0.95
3.55098199482482	0.95
5.10539296556563	1
2.95565290511614	0.95
5.08511573759882	0.95
2.67814179584746	0.95
6.83185635300653	0.85
3.35311288115949	1
3.57197864725712	0.95
4.31734790712584	0.9
3.15118357135694	0.95
6.04977222436696	1
5.81066185484876	1
4.79214769325516	0.95
6.50976471239761	0.95
5.70776301615519	1
1.71188196366529	0.95
5.35289279258943	0.75
7.25286905660788	1
4.08169277830898	1
3.99817507348773	1
5.37363031350861	0.8
4.6857843876035	0.9
6.04315812669476	0.9
6.45716554171282	0.9
3.20926082865619	0.9
9.37939837637225	0.9
3.59313914757888	0.95
5.54463689940912	1
3.87875875563455	0.95
5.46560759003976	0.95
3.6223932048887	0.95
6.43807102243888	0.85
2.06107213487873	0.95
6.10524453324122	0.95
7.10720690607035	0.95
5.51251491174647	1
5.52512104960316	0.9
4.34410475645419	0.9
3.22773178864754	0.95
4.96462636615849	0.95
5.31958342731082	0.95
2.82098309821573	0.95
2.63280601727507	1
5.00366604925214	0.95
7.48632749445011	0.8
5.38896575938835	1
4.84773477058259	1
1.49655290645982	0.95
5.91464993135793	1
6.07471040519189	0.8
3.30426677732498	0.95
2.10750559650111	0.95
1.6316207415821	0.9
5.90487791967071	0.95
3.97190489806127	0.95
2.6645182761099	0.85
4.71738345563503	0.95
5.85435229897919	0.95
5.02436467740054	0.85
2.57546908300549	1
3.65972288527255	0.95
7.12003340235812	1
5.69005005651512	0.85
3.59615936057907	0.9
2.39130022602984	1
2.14416059361972	0.95
5.94654581021959	0.9
5.04279832509572	0.9
6.77565945632198	0.95
7.23559898914311	0.9
3.05237523707589	1
4.65911876437654	0.95
5.007074374374	1
5.46774243667808	1
3.62890871887798	1
4.54901675502063	1
5.28635150830604	1
5.27414454157713	0.8
2.26808330980473	1
2.45112906599885	0.9
2.79350541818518	0.95
5.29083465328652	0.95
3.53895621165629	0.9
1.70826513240092	1
3.65686324690204	1
6.67729693985186	0.9
6.31585484494052	0.95
5.20173940805926	0.9
6.60688556484097	1
7.07237451675962	0.9
5.68304392554232	0.95
2.77804656255028	1
3.83608594631976	0.95
3.77722449050144	0.95
6.29568220517837	1
7.12177498943002	0.9
3.68313511379608	1
3.18719763370441	1
6.55327324723211	0.85
5.18017628299924	1
6.83865320225342	0.95
5.95229767089609	1
4.40946982168387	0.95
3.81590802973643	0.95
7.61796392798986	0.95
4.47440894116147	0.9
6.57722023821426	1
4.72859173857631	0.85
3.14845092336818	0.95
8.76095601771101	1
-0.710269642898629	0.85
2.60253883924785	0.9
4.17226071557613	1
3.63847998481312	0.95
4.86226429740573	0.9
5.12943989974069	0.95
5.13354166860375	0.95
5.66182892356303	0.9
3.6947786015331	0.9
7.30137830651572	0.85
5.56525564270691	1
6.67434445265364	0.85
8.14257375043089	0.95
3.10818740539231	0.95
2.96442330777918	1
3.38963179469522	0.95
5.28147791111029	1
8.01708137259913	0.9
4.6315969483822	0.85
7.95976605223072	0.95
3.08369876686552	0.95
2.99299774365364	1
3.5967100464684	0.95
4.11548072595137	1
3.90057382292873	1
4.54044318594184	0.9
3.29554719204664	1
0.974660660597988	0.9
5.91031498472659	1
3.72834260254858	0.95
4.37639867576002	0.9
3.03775041925316	0.85
5.41466144569021	1
2.89963087957796	0.9
5.06545240588733	0.95
6.38612419290351	0.95
4.38894987268121	1
5.03152288048597	1
7.02128400829931	1
3.90975766718952	1
5.08597008508251	0.95
6.98735831616259	0.95
-0.588155606280863	0.85
3.19474834281824	0.95
9.32067613793005	0.9
6.73278119798959	0.95
3.2876577915007	1
3.7650277571002	1
6.80399963817544	0.95
6.51107025589759	0.9
6.02062413178214	0.95
7.28772841785761	0.95
3.06668493159947	0.95
4.40093851835553	0.95
3.47987843330422	0.95
4.64614681386213	0.85
5.96518063999807	0.9
3.72225714192751	0.9
4.46517260868991	1
3.94673340134121	0.95
2.59950465829603	0.8
5.80677717535919	1
4.07189956918479	0.9
3.96239045439307	1
6.68231498339386	0.95
3.55507596124418	0.9
5.57798075330628	0.95
4.00608617002155	1
6.97478648998346	0.9
4.08452809640785	0.9
5.89760593412076	0.95
2.14549352817342	0.95
4.86702973592643	0.95
5.3293934397802	0.9
4.52003011975169	0.95
5.86161162572926	1
7.14805364888973	0.9
5.0885513509341	1
5.57568392996449	0.95
1.97188402782172	1
7.19868470377981	0.95
4.52548117657474	0.95
3.14811967320507	0.9
3.74617000212471	1
5.18549628857816	1
7.11101967220332	0.95
6.00912004258081	1
3.75619685940736	1
5.74644844278237	1
4.07880425505716	0.95
3.28028169397074	0.9
6.57548673756044	1
4.51674423441848	1
4.47271153272374	0.85
3.8399478466965	1
5.90957792998447	1
4.50408502261172	0.95
5.89276301799978	0.95
2.81226122715731	0.95
5.48084509492177	0.95
4.218556519859	0.9
5.2600376868544	0.95
5.44139626778627	0.85
5.33798633661116	0.9
5.49075817002435	1
3.77933076207237	1
3.62974056680595	0.95
2.95291049743291	0.95
5.38236385224489	0.9
5.87184326011405	0.95
8.60294940485243	0.85
6.72138932559134	0.95
4.43950578577993	0.95
4.54860409201803	0.85
4.1720037743816	0.9
4.09779650530587	1
4.40001373042923	0.95
6.97636068035914	0.95
5.12474286477489	0.9
4.01551142892221	0.95
3.64238147734838	0.95
9.043392676968	0.95
2.71599508657406	0.95
8.06866992738048	0.95
4.57276848675082	1
3.58211734148152	1
5.4085835136724	0.9
6.59731263602755	1
3.80761741614111	1
9.21325747423032	1
7.69328347106315	0.95
6.95318329169361	1
5.06640062736021	0.95
7.39644350767609	0.95
6.7379030483341	1
5.32549343672666	1
3.65340975391815	0.95
-0.082019546737663	0.95
3.86360117067285	0.95
5.23596435798744	1
1.95489210514873	0.9
5.45240290750756	1
4.88886285861619	0.95
4.52130326529479	1
4.29444692254828	0.95
3.34883247375152	1
4.69085363159404	1
7.38227754205224	1
5.93730598413644	1
4.8460016878319	0.9
6.51209277700688	0.8
6.02921288833899	0.9
9.5974241812895	0.95
2.08903700875148	0.95
4.64349421704884	1
7.98398904324032	0.9
4.24974400877715	0.95
2.47669346954858	0.95
5.62563160898531	1
2.70313330159596	0.95
2.9585537457458	0.95
4.28590304965441	0.95
5.52372349451019	0.95
4.20442403882405	1
5.7481296036178	1
7.3942056867449	1
7.14350897001753	0.95
5.11621163955821	0.85
4.20720813221669	0.95
6.93444943846091	0.95
5.24752762703713	0.95
5.81307945808903	0.95
4.59764268978837	0.8
3.99258892655734	0.9
4.12701000674732	0.95
5.1944203781984	1
3.87965994391838	0.9
3.9844059354947	1
7.62627742638169	0.9
3.03635122247733	0.95
5.29707281409279	0.95
2.55148826148325	0.95
4.62304647474214	0.95
6.63128740427872	0.9
2.58144970208524	0.85
6.55001709661637	0.95
8.48434790080864	1
7.50725986641308	0.95
4.33838405433024	0.95
5.51796946509243	1
6.26746901384273	1
5.82837145522889	1
5.7169334457267	1
4.98540880553717	0.9
3.41952701250102	1
4.04202280513105	0.95
2.89203744664647	0.9
5.71435890353307	1
3.1238860161459	1
4.57265706108257	1
5.30801369491637	0.95
2.4840829963631	0.95
0.118292758410498	0.85
3.36800431224728	1
6.29873433433645	0.95
6.45400811035804	1
5.81375399517608	0.95
4.62131377291805	1
5.52782502331722	0.95
5.19082489965008	0.85
6.00883678604053	0.95
4.19999747604127	1
4.73465708504377	0.95
6.41910581646946	1
6.47093185855814	0.9
7.57605480820705	0.85
6.77638156113733	1
5.06505891649727	1
5.77969025831692	1
6.27997285368347	0.95
4.86728344914301	0.95
3.03635245852099	0.95
4.04451379035088	0.85
5.29612596081005	0.95
4.96171643305362	1
6.98881437370818	0.9
4.82971041211827	0.95
3.22542453288749	1
6.82310329528355	0.9
5.22561273372437	1
6.37319223347082	0.95
5.96134847133501	0.9
4.75629158672724	0.9
4.75443041267621	1
4.35835785457521	1
6.52515686034461	1
3.66059615268927	0.95
4.05377891694062	1
6.81329543663833	1
5.75726431788737	0.85
6.23097057645021	0.9
3.72978198830524	0.95
3.83760858697695	0.95
6.29936478325352	0.9
4.82425517333974	0.95
4.90087870896201	1
4.23591170315233	0.95
5.83477732271538	1
3.87689974028947	0.9
3.19742756297819	0.95
5.62642518582519	0.95
6.91003032277784	1
2.95761551394899	1
4.15032592930218	0.9
4.31143444219356	0.95
5.03082055533721	0.9
4.21018092347109	1
5.09114533172309	0.95
6.57510120366757	0.9
5.37957145198479	1
2.56933017713553	0.9
5.68994269982838	0.95
5.04855622866032	0.85
4.18646065251803	0.8
3.87354520635475	0.9
6.16088284591484	0.95
8.52490728357677	0.95
4.07374921484294	0.95
2.72893232579722	0.8
5.87989610569458	0.95
6.32994045834563	0.95
6.80174572240808	0.95
2.96098887531887	0.95
4.10011546120434	0.9
1.86749818055296	1
3.79787388226371	0.95
6.04143271915642	0.95
3.55166689266046	1
3.03955893082293	1
2.83290369183269	0.95
3.85563140721047	0.95
2.05356621855374	1
3.75003212020451	1
5.10650853334717	1
7.45329098902277	0.9
7.53139997363541	1
4.83330281718739	0.9
4.66330731408245	0.8
2.84043863469677	0.85
6.84678331869433	0.95
4.20480591953724	0.9
6.25959395118429	0.9
4.86594355187203	0.85
4.64004899246127	0.95
3.85350963057923	1
5.12537184159612	1
6.10257468776356	1
2.20832995845621	1
4.94981689396358	0.9
3.47152832524929	0.95
3.58489936707523	1
5.85876011423747	0.9
3.83260518584519	0.95
9.61654061245531	0.95
6.7633841119077	0.9
3.01215860723897	0.95
7.73551801235169	0.95
9.43359729085237	0.95
5.48511118009189	0.9
7.19986923914097	1
3.61272920875486	0.95
3.59613724973383	0.95
4.38434210636125	0.85
5.41539301034322	1
8.19479452918084	0.9
2.11297276723636	1
5.3909710181529	1
5.55472528659933	1
5.3564442062021	0.95
1.93567972271843	0.8
3.59485290878512	0.95
3.16442410848198	1
6.0218790394691	0.9
7.19811677303513	0.95
3.7715156989768	0.95
5.15201772955055	0.9
3.57198333348709	1
3.58192624907414	1
4.71497323873408	1
6.01912100977593	1
6.05220433146654	1
8.29307228537956	0.9
7.96275708154898	1
7.85895346124673	0.95
1.88963575415545	1
4.52947753772798	0.85
7.69049242922722	1
2.21313010025112	0.9
8.15928592201665	1
5.93653286030172	0.85
5.78205892848746	1
3.43858641761377	0.95
5.10750364979825	0.95
7.54492919849176	0.95
3.37903164303664	0.95
4.70217664241709	1
4.88472086843303	0.9
5.60065697363242	0.95
4.67368255962288	1
7.24573985566991	0.9
4.86024612869365	0.95
2.30109182988087	0.9
4.28292312760506	1
3.65288831375081	0.95
6.30467889636637	0.95
6.49698768820942	0.95
3.22215575023325	1
5.35537771040169	0.95
4.3724428430239	0.95
4.09583261333736	1
3.98557061567431	0.9
5.91451577252806	0.85
7.06971956070212	1
5.12629246432658	1
6.13839670045512	0.95
5.63512421568576	1
6.59465513908748	1
5.67842799742861	0.9
6.36054753182618	1
5.23554369780691	0.9
5.70924773245463	0.9
4.07132198471007	0.85
7.31662117493748	0.95
4.18488108025596	1
6.39975707204072	1
5.0715555116173	0.85
5.30493846482929	1
4.14097382268273	0.85
5.81555092454948	0.95
5.82698617235561	0.95
8.16788438098646	1
0.459904049090653	0.95
3.64833177153432	0.95
0.377765348494022	0.9
5.77010921760274	0.85
7.68584490399841	0.95
5.7507362786877	0.85
2.97783354662347	1
5.0911187642511	0.9
7.06271366086573	1
2.87575306849647	1
6.1529818807094	0.9
3.87871661922141	0.9
4.86291310768082	0.95
4.8558064011821	1
4.57940023905141	1
4.32189131941314	1
5.05734282879683	1
5.41222809546339	1
4.33697736491653	1
4.94716429720756	0.9
10.0271780531748	0.95
2.55676484605018	1
5.56562987162492	0.95
8.47944034586373	1
5.23734494792123	0.95
10.3467102933715	1
4.62468800728841	1
6.42360451661897	0.95
3.40662659633647	1
3.04086323741331	0.95
6.26758148406884	0.95
5.41929724474118	0.95
5.69793597766921	0.9
5.92992910262888	1
4.64282386858292	0.95
7.32547814849881	0.95
1.83520730950066	0.95
4.63542375173946	0.9
4.02869995913055	1
4.8243533151506	1
