as.vector.log.thetas.	as.vector.coverage.probs.
2.24305164767188	0.85
2.1196121288186	0.95
1.81711106704923	1
2.82686832782395	0.85
2.0658691972545	0.85
1.87983682953314	1
2.38300983116768	0.9
2.18556868151038	0.95
2.08168051605737	1
1.41040699330445	0.85
1.14332912754573	1
1.49412023772385	1
1.52910110345576	0.95
2.41446837571982	0.95
1.93357475490152	0.9
2.42677046981173	0.95
1.81907528493535	0.95
1.09926211890809	1
1.3282769752066	1
1.21453282410935	1
1.84670112250082	0.85
1.70080282283673	0.95
2.19520020736372	0.95
1.33230897756582	0.95
1.72986986239472	0.95
1.41812206882722	1
1.21568132246632	1
1.18713040317516	1
2.41385593475347	0.9
1.78593055104384	0.95
1.78436058908187	0.95
2.37203461115053	0.9
0.772392464491521	1
1.24673957101001	0.9
1.64008392177454	0.95
3.23472002259355	0.95
2.17461054258054	0.95
1.7835147990009	0.9
1.66828741891419	1
2.57515122423434	0.9
2.11547777213909	1
1.53088588257708	1
1.02430967188481	0.95
1.19975522131832	0.95
1.69871039556479	0.9
1.26662243293851	1
-0.0171022369887026	0.85
1.86682972779794	1
1.54401095134019	1
1.86805471424564	0.95
1.0062955519683	1
1.5063003755947	1
-0.271208198469489	0.7
0.509679754189461	1
0.842035040269456	0.95
1.28072391354164	1
1.67885760074942	1
1.81822449570547	0.95
1.69408929973337	0.95
1.88802801145511	0.95
1.53524008013408	0.95
1.77530280665386	0.95
0.15220168201053	0.9
1.95603958163559	0.85
2.10196663391932	0.9
1.04666828211839	0.9
1.89257422271225	0.95
0.603627947197762	1
1.56795922394133	1
1.00612569339718	0.95
1.50673593405184	0.9
2.05262821310978	0.95
0.253943651032152	0.95
1.75776509550566	0.95
1.1034242066219	1
0.0169391688233342	0.85
2.07597245251673	1
2.34302146554631	1
1.39892379944437	1
2.38016332018309	0.95
1.34742181343808	0.95
2.76842124976514	0.9
1.69859928973288	0.9
2.24283723744091	1
1.49087689063762	1
1.70451164784379	1
2.87375831682416	1
1.90001713459372	0.9
0.566082248624815	0.85
0.462092356588553	1
1.58347056259259	1
1.59823663042659	0.95
0.796554473318213	1
2.1260654531395	0.95
1.79440883932795	1
2.07628865286036	0.9
0.782246699695056	1
0.362282355877156	0.95
2.21393296015138	0.8
1.83049064035416	1
2.1053179715748	0.95
2.26920296094749	0.95
2.17575653101737	1
0.223441554457627	0.95
1.15818213389897	1
1.01564102378136	0.95
1.54617555955145	1
1.30179762316829	1
1.16295781185857	1
0.535793821835012	0.95
1.98508493442135	0.95
2.05411523802752	0.95
1.23552315737431	1
2.03847433929268	0.95
1.45493479043307	1
1.21398966776437	0.95
2.1197142849015	0.95
2.56117505167113	0.85
1.41850945089665	0.95
1.50557461454216	1
1.40729970514424	1
-0.170402552673035	0.7
1.03471477468993	0.9
0.747155114602235	0.95
-0.231083593288635	0.85
1.40639657447255	0.95
2.81152556893318	0.95
1.46360394056606	1
0.916825021246708	0.95
2.03370139062505	0.95
1.10966938568952	1
1.04635721297634	0.95
0.765864621848397	0.95
0.903350953869484	1
2.58208424444081	0.95
2.84154126360534	0.9
1.29679903272834	0.95
2.42136925143249	0.85
0.661638039894242	0.8
1.90412669769899	0.85
1.09232000435781	1
1.07617351212325	1
1.03098952890915	0.95
2.34720653703359	1
1.34589583111775	1
1.62084745870917	0.95
1.02454448491387	1
0.579806144135631	0.95
1.89551357158134	1
1.97981453325101	0.95
1.81722587218951	1
0.0891048394506329	0.8
2.78941825879635	1
1.42923454984755	0.95
-0.134666351882853	0.8
0.532354676131341	0.9
0.975610016697887	1
2.66278760364683	0.95
1.60006583444877	1
0.838539313070905	0.95
1.40297616977971	1
0.984971945554495	1
1.74173040616872	1
1.90429078038942	0.95
1.90222619766387	0.85
0.597098143567792	0.95
1.30366293642731	1
1.64245220588446	0.9
1.24253796623492	0.95
1.59832247518772	1
3.11446544460441	0.9
2.49218678391037	1
1.15432744400015	1
1.64426356936625	0.9
2.02691913639003	1
2.05162198918173	0.95
0.831064584679018	0.95
2.25880534283888	0.95
2.72335422162965	0.85
1.68726918046314	1
1.277926805266	1
1.82231444961284	1
0.22276773185183	1
1.5261886903915	0.95
1.53728769219297	0.95
2.07954448515563	0.95
1.25143725912828	1
1.81564229917961	1
-0.139404581012876	0.75
2.40871693471636	0.95
1.65740573913436	1
0.898123774099651	1
0.967245484878664	0.95
1.53794433831746	1
1.38100441531254	1
2.39439189241201	0.9
0.789937581299318	0.95
0.732702328137305	0.95
1.45970212601604	1
2.04060007466785	0.9
1.14456855154607	0.95
1.27820792424468	1
1.33774230760741	1
3.21903363235167	0.9
2.63330775280752	0.95
1.17632249211737	1
1.55221847467161	1
2.09715205412554	0.9
2.0296063865516	0.9
2.38319316586335	0.95
1.18119490269068	1
1.09177292555073	0.95
2.26191852649972	1
2.49627970469311	0.95
1.17863365446388	1
1.39141382886682	1
1.79013457654998	1
1.64578549018219	0.95
0.899546930390127	0.9
3.09922087771125	0.9
1.66221358209696	0.9
2.89117398222794	0.8
2.52873734834315	1
2.77743630847844	0.85
2.56924725936448	0.95
2.3749918587776	0.95
1.53299551013922	0.95
0.641214128582037	0.95
1.59435460390912	0.95
0.32272592852597	0.95
1.24517015544131	0.95
1.76255448965995	1
1.35410192914283	0.95
1.22059288320456	0.95
1.60984025572126	0.95
0.158593285767741	0.8
0.86693490881486	0.9
1.21663643020236	1
0.856694136205842	1
1.12303490113229	1
1.04826325632941	1
2.61232638083188	1
1.87996638833404	0.95
1.2833168991096	1
1.68673876612969	0.95
2.71549366032761	0.85
1.69748261534427	1
1.58605552084165	0.85
1.38413888263858	1
0.778747765393312	1
1.44199035762882	0.95
2.49537000226841	0.95
2.58404167051076	1
2.03044721828205	1
1.94794894665426	0.9
1.10563814194209	1
0.944801889083251	0.9
1.38823111376687	0.9
0.82393907553701	0.95
1.39248346169337	1
2.81913371034649	0.9
3.0432052139021	1
1.59203289369747	0.95
1.63036533620236	0.95
1.9772480704375	0.95
1.13033501124335	1
3.61568229620944	1
0.653407949459208	1
1.83271934460944	1
0.551027013794509	1
1.66027861979864	1
1.46463040847806	1
2.25854995116481	1
2.18426593179235	0.95
1.40706354952175	1
1.61115733895998	0.95
1.47662176025363	1
2.3379027031559	0.95
2.02479743883341	0.95
0.685758977838544	1
0.635978986230131	1
1.28527300703358	1
0.0509476415634369	0.6
0.568050530297839	0.9
3.04151759253346	0.85
0.785424898104643	0.85
2.35432329620336	0.95
0.542922872883075	1
3.15090776153109	0.9
2.23974127253774	1
1.56965363275401	1
1.53906767988036	1
3.5203757472972	0.95
0.770512665198954	1
1.24606923091075	1
0.902549704174566	0.95
1.91025658507419	0.95
0.917465852938622	0.95
0.114088092142778	0.9
1.52509454421885	0.9
0.895699409708235	0.95
1.95380461723759	1
1.56279567684445	1
0.760175109185195	0.95
2.09924365276044	0.85
2.45065651703185	0.9
1.53787148455233	1
2.51228483214805	1
2.94871265346476	0.95
2.19002748547299	0.85
1.62100649222131	1
1.21923369471978	1
1.71936764297463	1
2.38647285244176	1
1.38285851860658	0.9
1.28004085254356	1
1.85405587644699	0.85
3.91545291989689	1
1.18133044002963	0.9
1.36470946383564	0.9
1.4123246296483	0.95
1.74686228845167	1
1.25920854274434	1
1.39782619446677	1
1.68122044760391	1
1.22932151722424	0.95
1.5909637601057	1
0.890343321627026	0.95
1.31422765095531	0.95
1.7584285523384	0.95
2.19663430961158	0.95
1.46175157990199	1
1.52501815517244	1
1.36835385830647	1
1.74308958187824	0.95
1.60334191160536	1
2.07158674695009	0.9
1.42212547240268	1
1.12246102073703	1
2.10972144197901	0.95
1.90286542193135	0.9
1.83205338351627	0.95
1.11498444861886	0.95
-0.232338584023865	0.85
2.81422522286905	0.95
1.70232366298715	0.95
2.20541402905976	0.95
2.41156232223499	1
1.24622241802286	0.95
2.59731078411611	0.8
0.955451423002775	1
1.4742052517247	0.9
1.96972674422092	1
1.24104675873609	0.9
1.50512309819818	0.9
2.82025061052907	1
0.98353335047219	1
1.80773145086781	1
0.804117741257553	1
0.731264658756327	1
1.89685707716001	0.95
1.0185883384379	1
1.18844968076332	0.95
1.29522472524447	0.95
2.29476894598277	0.8
1.47132595528605	0.95
1.45792234674683	1
1.83657341754338	0.95
2.40483763010583	0.95
1.982952302481	0.95
1.98044005717461	1
3.35571660909238	0.95
2.19361095396421	0.85
2.51461160370095	1
1.27251332509036	1
1.85068380307672	1
2.31043419547294	0.95
2.29766508101423	0.95
1.80281582657495	1
1.07052512963636	1
0.807282592282199	0.95
2.46661013803844	0.95
1.47664185191981	0.95
0.989500343317414	1
1.38631502973399	0.95
0.479772857095296	0.9
1.84908495816022	0.95
0.411065252346745	0.9
2.83005565288591	0.95
1.74762025384573	1
1.82631532855485	1
2.32425404559406	0.95
1.5403479508356	1
1.5248141475624	0.95
2.40383240676992	0.95
0.590531392953721	1
1.17606119053201	1
1.43834632212254	0.95
1.52831965421388	1
1.33288021027796	1
1.30082966430003	0.9
0.651388632904386	0.85
2.01907062097763	1
3.60979999114793	0.9
2.92102731700683	1
1.3053026489808	1
1.38489032256753	1
1.14781531457111	1
1.05081783456599	1
1.56437245197587	1
2.12110192460115	1
0.264849334876817	0.9
1.72699125684543	0.95
1.3237131101494	0.9
0.546508182861381	0.9
1.16921777328952	0.9
3.07840465096844	1
1.98414219119104	0.95
1.35859588690348	0.95
1.56965898658788	0.95
2.37734698229908	1
2.09036107727418	0.95
1.90072195696252	0.95
1.22505914253721	0.95
1.55612554448434	0.95
2.23624962367052	0.95
1.25523304227263	1
0.777921500782965	0.95
2.57259022851169	0.95
1.39848062924785	1
2.75422345384243	0.95
2.04191659317466	1
1.01990941556069	1
0.960647723176062	0.85
2.97621430003082	0.95
1.48525448053699	1
1.06156747812351	1
0.0525880910817613	0.85
2.69956580837824	1
3.09689614071345	0.85
0.926460235429978	1
1.20159343560305	1
3.34334292652933	0.9
1.1912514647978	0.9
1.33534127229194	1
2.35087664804309	0.9
1.97462494489637	0.8
0.720260470107759	1
1.30347386432312	1
1.8500585783516	0.9
1.05524239881166	1
1.66949351073355	1
1.543463686135	0.95
2.55927771070862	0.95
1.9214880102462	0.95
2.13843012744603	0.9
2.28972092874321	1
0.743953699979703	0.95
1.71580862826875	1
1.30746942148714	0.95
1.17381384281417	1
2.4347450464041	0.8
2.1881891741047	0.9
1.18169532213446	1
2.59934963107326	0.8
1.02650726037792	0.85
2.52386486123124	0.95
3.17990158187722	0.95
-0.248301703737458	0.7
1.6266002658046	1
1.45492476286445	1
1.2513643492288	1
1.76311981305267	0.9
1.43501197953832	1
0.973584772861046	1
2.16455861030586	1
0.486416653838208	0.95
3.41490369435344	0.9
1.61033637041821	1
1.96050581582747	0.95
1.92271479384151	0.95
1.09910523618613	1
0.973567588625442	1
0.522855776733005	0.9
2.78137366848705	0.85
1.25392885524379	0.95
1.51650000684563	1
1.71345082576222	0.95
2.16558458065016	1
1.97474904172013	1
2.05541021715692	1
0.143897725113887	1
1.93392752836088	1
1.9321505205298	0.95
0.953347031488332	1
1.38094174626884	0.95
2.69330677040639	0.95
1.08361181312163	1
-0.195439042983249	0.65
1.82459618403428	0.9
1.80416132116673	1
2.16851525395088	0.95
0.45223542918315	0.95
1.28082344706149	1
2.01737754776852	1
1.73393303562131	1
0.862915355518954	1
1.71364245557226	0.95
3.2641635411171	0.95
1.86946243834879	0.95
1.7507098485496	0.9
1.3233919894491	0.95
1.30880546744133	1
1.77136387228676	0.95
0.938829583990274	1
0.75861681091556	0.95
2.22746133131375	0.9
1.85326133962782	0.95
0.615971681861781	0.95
2.21338725768915	0.95
1.57716998835559	1
1.97115872432187	0.95
2.35576253322206	0.9
1.58864536859705	0.95
0.650866647231299	0.95
1.7526142059496	0.95
1.22362767583456	1
1.32363550669491	1
2.18741932263539	0.9
1.44252774905137	1
1.2164577967968	1
1.80186782013168	0.9
2.01469600797806	1
1.5153621439875	1
2.14069260876541	0.9
-0.374316560902484	0.75
2.18093846395979	1
1.26460564401181	0.95
0.016280186958568	0.7
1.28810097526652	0.95
2.8110717218379	0.9
0.640788632193613	0.95
0.995942085096722	1
1.2304881275522	1
2.84954562394264	1
1.40247283791538	1
2.30544673482362	0.95
1.74018709345877	0.95
2.13707961367976	1
2.6687960208409	0.85
1.90078618077429	0.95
1.892995593911	0.95
2.0232172105237	1
1.57944482345061	1
2.11657933709714	0.95
1.09199608714928	1
1.27605880520683	1
1.1469734422561	0.95
0.949307684289171	0.9
1.31425041603096	1
2.07880696154969	1
1.66711076788712	1
2.02338606588378	1
1.20316444486279	0.95
2.18119950095525	1
0.355693186609179	0.95
2.31581184848744	0.95
0.808172711625003	1
1.82253706757579	0.85
1.211472474522	1
1.69392650289907	0.9
1.67366181240921	1
1.25166106478737	1
1.51320984296578	1
0.515487574715947	0.95
1.25275739764089	0.95
2.71875284769951	0.95
0.844699401901418	1
1.69406850299345	1
1.19950524233511	1
2.2283591751597	1
2.12079242890167	0.9
1.25503370185842	0.95
0.927258298022444	0.95
1.28595377600213	0.95
0.979641185926218	0.95
1.63045380737115	0.95
1.68893582647934	0.95
2.86645018877078	0.9
1.20192127719671	1
2.03903313266935	1
2.69958944808095	0.9
1.70217417323947	0.95
1.59598862926895	1
2.10705010063248	1
1.39816215324801	0.9
1.47505477271541	0.9
0.347691094681036	0.85
1.86413514824112	1
1.41523728709118	0.95
2.29769905944304	1
1.63565462584259	0.95
0.677712836669048	0.95
0.255381334930986	0.9
1.67554418852485	1
1.65809191415752	0.9
2.21989691089349	0.9
1.95044223396526	1
1.6360986069722	1
1.45688581825683	0.9
1.44079059151608	1
0.772893694933475	0.95
1.76271720603517	0.95
1.96526405655702	1
1.30955461248698	1
2.32844118250596	0.95
2.14126954879128	1
0.8298580136452	0.95
0.796582622881326	0.95
2.4759306411283	0.8
2.69547745081844	1
0.734042888934637	0.9
1.94636138506713	1
1.48769653170481	1
0.95314229155817	1
0.590917564565216	0.95
2.29704189254387	1
1.83261266623873	1
1.64398070018784	0.95
0.889824753755934	1
1.64154829879127	0.95
2.37810263408716	0.9
2.57169093910001	0.95
1.09762110447262	0.9
1.7347247060439	0.85
0.536536164143676	0.95
2.596573787719	0.85
2.00396892190026	0.95
1.96082982860099	0.95
0.47526793835465	0.95
1.20481248522575	0.95
2.27718002237836	1
1.96262084702226	1
2.53482189791471	0.9
0.770008636234065	1
2.07210508355242	0.95
2.17015626074699	1
0.205003864031381	0.8
1.99539979715209	0.95
2.57036129701191	1
1.45167010652759	0.9
2.35278455051903	0.85
1.97209414626536	0.95
1.37094915111121	1
2.26208262439786	1
1.57978078581135	0.95
0.722536437302598	1
1.80416607987587	0.9
0.79653718916736	1
1.24206432404114	1
1.78259531018687	0.9
1.80239201899097	0.95
0.677139153739681	0.95
1.75431403811289	1
1.67775218023104	0.95
1.90010141502807	0.9
1.48261267846414	0.95
1.23060586358937	0.85
1.85707460083727	0.95
1.46166454427479	0.95
1.23935732078984	0.85
1.6243460856157	0.95
1.75275043813333	1
1.46033274496546	0.9
1.57191607754881	1
2.12250358580845	0.95
1.88535305883296	0.9
1.80655933460448	1
1.34316316951615	1
3.13308606307055	1
1.87007606393615	1
1.48125578331929	1
1.60108483460288	1
1.73276998249453	0.9
1.72687488029873	0.95
1.96540202068698	0.85
1.92429054559012	0.9
1.1491515325786	1
1.98709252346237	1
2.2720093813027	1
3.25703186613469	0.9
1.01599296953083	1
1.86785766757632	1
2.602852704296	0.95
1.93720743264552	0.95
1.66755382823408	1
1.52303557213356	0.95
1.09078607510824	1
1.20488166381707	1
2.02427447381303	0.9
2.19143479322739	1
2.21901590337777	0.95
1.24005323238835	1
0.826512817735463	0.95
0.912466389994023	0.95
1.35033045759955	1
0.574884568187688	0.9
1.15625339975828	0.95
1.97444150434265	0.9
1.43699820591542	0.95
0.812709540571033	1
1.51591032157167	0.95
1.30557941995513	1
2.99682309489921	1
0.419585591303146	0.95
1.06462370594443	1
1.3711707012251	0.95
2.70795157088289	0.9
1.19948622672841	0.95
2.22734646355009	0.95
2.00267903920677	0.95
1.08732882442999	1
1.3653013011632	0.95
2.77290711760171	0.9
1.97746112742169	1
0.673193839057907	0.95
0.871045916675872	1
1.80150742867968	0.95
1.58010956874973	1
1.75535689581816	0.95
1.63051219567254	1
2.26166897415071	0.85
1.0587403224193	0.9
2.49617518436071	0.9
2.42646659450478	1
0.939153545266963	1
2.54664883996539	0.85
1.52568377809083	1
1.51208781039608	0.95
1.78046272827743	0.95
1.45645051077651	0.95
1.78684988531046	1
1.71346034329101	1
1.39923946732674	1
1.61900739300319	0.95
1.52308347587176	0.9
1.57671096768772	1
1.61089455542928	0.9
2.0100488764249	0.9
2.40983532095148	0.9
1.51391435695607	0.95
2.13650206064726	1
1.15367925685782	1
1.49295193885112	0.95
1.38585683233553	0.9
0.385159145206067	0.95
1.30801542533305	1
3.0315082035895	0.85
1.98656291283199	0.8
1.11730469099049	0.95
1.06707490269183	0.95
1.72893332911192	1
1.39157612332991	1
0.879957615085187	0.9
1.43380390220015	1
1.42841969219641	1
1.05919431944241	0.95
1.44512384267608	1
1.66526053759689	0.9
0.403365053450131	0.85
2.04020446216519	1
0.890651381368812	1
3.3915168848144	0.85
2.12579966937305	0.95
2.66110100424677	1
0.911829818295052	1
1.473106269301	0.9
2.2265342012528	0.9
0.131306478666438	0.9
-0.291639920344346	0.75
1.97783254287801	0.95
2.77832754642194	0.95
2.10529738140497	0.8
2.28463553785948	1
1.86520045176903	0.9
1.4366835666164	1
0.706326245788886	0.9
1.11936298671656	0.95
1.00989412127346	1
1.21833290531087	1
2.05737874159175	0.95
2.07573165363345	1
1.05454996134318	0.85
1.89423413852617	0.95
1.75245300937305	1
1.50007666989349	1
1.12800295681929	0.95
1.54001209183306	0.95
0.961340514283102	0.95
2.07282633794164	1
1.99296463454002	1
2.18928093830664	0.95
1.56481235501659	1
2.49759519305658	0.8
1.30184489665461	0.95
1.29869197181864	0.85
2.95738936369168	1
1.48721438604277	1
1.99653809902731	0.95
1.07191573808023	0.9
1.59209812862501	0.95
1.18149371217321	1
2.07989946275133	0.95
1.16331914782277	0.95
2.01278818688778	1
2.30594647783666	1
0.0678040033879976	0.85
1.71842026631296	0.95
0.788245207172338	1
0.910693694472017	0.95
1.05635570210019	1
1.17538059110882	1
1.02478187735346	1
2.58473678453781	0.9
0.622631488441096	0.9
1.72068208743748	0.9
2.82312183714657	0.85
0.875425540515016	1
1.72271653792742	0.95
1.84756131766653	0.95
1.95489657786487	1
1.56472163815044	1
2.58718517216322	0.95
1.39099559933488	1
1.81925830358767	0.95
1.32841257830304	0.95
2.08747504730353	0.9
2.53895228905574	0.95
0.96710167262603	1
1.61226818302668	0.95
1.30792918492395	0.95
1.64868320143284	1
1.11395652433811	1
0.22795126685074	0.9
2.84975616887572	0.85
1.63484711879899	0.95
0.868263666386188	0.95
1.06781610685861	1
1.09984199258987	1
2.02190171004123	0.95
1.01845044566757	0.9
1.60662021350545	0.85
1.11433085892535	1
3.05532910404937	0.95
0.711899014109306	1
3.17447089873154	0.95
0.788554664799792	0.9
1.84028753020817	0.95
2.7613066202973	0.9
1.97912895384296	0.95
0.568532033040102	0.95
0.242297502356145	0.85
4.25089707797146	0.9
1.2939358691868	1
2.93360626927229	0.8
1.81336425562097	1
0.853947041263856	1
1.54212932648159	1
2.62874549060624	0.95
0.852577135876478	0.95
0.384541860739118	0.9
0.713998057605243	1
1.22923417285046	1
-0.493702708774645	0.6
2.39879467759795	0.9
2.16711283813841	0.95
2.7803694497906	0.85
1.46001276826662	0.95
1.69240589934845	1
1.57940519466243	1
0.951499190847191	0.95
1.52306318858608	0.9
2.66502954515426	0.95
2.01730954124812	1
1.38683226240751	0.95
1.44724938187794	0.95
1.22131094747536	1
1.28461194295103	0.95
0.555759817380231	1
1.42873896127525	0.95
0.0922460230062001	0.95
1.67832113028316	1
0.787891993999791	0.95
1.62832202328398	0.95
0.772712398687863	0.95
1.7182047211702	1
2.30838887844067	0.85
1.24642902370962	1
-0.200667725307281	0.75
0.988270029001794	0.9
1.976101447958	1
1.18550034254775	1
0.956375337199289	0.95
1.07147898398704	0.95
0.060119704774509	0.75
1.06976031654308	0.85
1.52131923443262	1
1.60114867416257	1
1.52082148191306	0.95
3.01621250313884	0.8
2.27962776750925	0.95
2.41859587612066	0.9
2.82355045315751	0.95
0.745940327896146	1
2.88995052243008	0.95
0.654499931952604	1
2.80573969307514	0.9
1.31928515857854	0.95
2.19424006629138	0.85
1.26424425111144	1
1.42909241101497	0.9
2.19703665060224	0.95
1.68612176520864	1
1.84348202845591	1
1.14533681857611	0.9
3.21637712243798	0.9
2.08403279815808	0.95
-0.0940925541608746	0.6
1.64132749553923	0.95
0.597886025895254	0.85
2.35393107893886	0.9
1.92703622190087	1
2.73674349246198	0.85
0.703495906819066	0.85
1.60576259615173	0.95
0.36641557313885	0.95
1.09111699315078	1
0.354416420389612	0.95
0.353065831927518	0.85
1.67150634922902	0.95
1.10305577889331	1
0.459985548051189	1
1.40094103284898	0.95
1.00362642410229	1
1.1238221866875	1
2.09737164585486	0.8
2.38703078119183	1
3.44968186200208	0.85
1.28244406121876	1
1.20969134942436	1
1.73547772336675	0.95
2.73661432347887	0.95
0.742864539747491	0.95
2.42361427458271	0.9
2.63747844341076	0.9
0.247906139393518	0.95
0.68204016906225	1
2.56607205053992	1
1.49683233903494	0.9
0.614102837665986	1
1.12310222378705	1
2.00344261076012	0.85
3.91492717740171	0.95
0.533895447954436	1
1.08510735121636	1
1.62351839742881	1
0.752493583019177	1
1.71957391114565	1
2.40494741185411	0.95
0.895129466017548	1
1.09479804308898	1
2.29626242444985	1
1.00497676961445	1
1.19054576934274	1
1.24788522914921	1
1.7560004043671	1
1.78760211463872	1
2.10881452032823	1
1.88393800012889	0.95
1.6644057317463	1
1.02191029070937	1
2.4142009729856	0.95
1.28847070238645	1
2.67059262939958	1
1.96289413626743	1
1.96695660403584	0.95
0.515082797527185	0.9
1.68972232108388	0.95
2.12647764787046	1
1.01472605793319	1
3.60026460840688	0.9
1.01934699332264	1
2.2539590200851	0.9
2.68313742323964	0.95
2.12011890288596	0.85
2.88733473994425	0.8
1.11804975753978	1
3.08057248017363	0.95
2.18883898426897	1
1.54079505496473	1
1.22875341249073	0.95
2.06947823884748	0.8
1.36072494797081	1
1.19426044773281	1
1.41633168874044	1
3.26152236820742	0.95
2.09940642769295	1
0.234181286167868	0.9
2.38302476924267	0.95
2.56610385665807	1
1.8045005000792	1
2.29525646520626	0.9
1.11574468467298	1
2.23834873763736	0.95
3.1779230538429	0.95
2.36426689033762	0.95
1.9840700285283	0.9
1.81041487813445	1
2.13309232939099	0.8
1.27498547954339	0.95
0.970097456578486	0.9
0.697513399664217	1
1.61480310642952	1
1.19591678893766	1
2.73980744900142	0.8
3.07117683015764	0.9
1.52458480924907	0.95
2.44881332112118	1
1.33463469583446	0.95
2.03077091866997	1
1.60094761934067	1
1.23508649060884	0.9
1.80095242668412	0.95
1.77134695671218	0.95
1.42427337519215	0.9
1.69053001758129	0.95
1.69962240719765	1
1.33674323120003	1
1.01277206409627	1
1.7070418231542	1
2.2728809534624	0.9
0.263165531870921	0.9
2.43724768029882	0.95
2.97140489488343	1
1.99434964370145	1
2.08199755517986	0.95
2.15452019338397	0.9
1.83955857544721	0.95
2.14647762411955	0.9
2.25415121703036	1
1.95303020265631	0.95
1.72075259755452	1
1.93827368052946	1
2.86950447628679	1
2.21092464575162	1
1.54560796175035	1
0.966713040100323	1
1.59177354319681	1
2.09196171855473	1
0.917299966851934	1
1.07984192457901	1
0.970445377402224	0.9
2.26717207322345	1
3.3723019239423	0.85
1.17398154143592	0.95
1.90558751601855	0.95
1.03514489200899	0.95
0.292031238708767	0.75
1.41325751807326	0.95
1.21463784784583	1
1.05225831458322	0.95
1.99344922436537	0.85
1.77304469537152	0.95
1.45170926719854	1
2.03675208037145	0.95
2.58020169380807	0.9
0.591003033685265	0.95
1.03415754098616	1
1.01643840229962	1
1.81078686414521	0.95
1.3849222621053	1
0.420214389584883	0.9
1.70740958014356	1
0.37628829407356	0.95
0.114932569601836	0.7
0.78410555301635	0.95
2.05254297236813	0.9
2.69172692889111	0.9
0.87094359868044	0.95
0.208511548192618	0.85
0.222859934315741	0.85
2.18021936515317	0.95
0.954059554854149	1
1.00751003656939	0.95
2.21013226159712	0.95
1.56665047692922	0.95
3.00233252647492	0.95
1.60305276366329	1
2.27261011646375	1
0.856266867654985	0.95
1.69472575674151	1
1.37890455663588	1
0.922422945897046	0.95
1.65743031840841	0.9
1.77437204896849	1
1.42617427812501	1
2.32450509795508	1
2.41607500220782	1
1.2153657541457	0.95
1.45843917288575	1
1.25800330443163	0.95
1.74220323805519	1
1.17218442276675	1
1.71964186500743	0.85
2.61781479114204	0.95
1.13803964560818	0.95
1.37788096569471	1
1.7652206759022	0.95
2.2521666400512	1
2.37282032922447	0.85
1.2406537535675	1
0.776616728385619	1
1.6193263742807	0.9
2.15449168261816	1
2.12744647730786	1
1.33344578031729	0.9
0.770802751631107	0.9
2.06753469006381	1
1.86492072639571	0.95
1.22880314291007	0.95
0.885068229149629	0.95
0.530172621955122	0.95
0.486081103944266	0.85
1.34300634229645	1
0.626000089416921	1
1.35136705519491	0.95
2.1880285919212	0.85
2.4026465181474	0.85
0.581822787764254	0.8
1.3134676132395	1
2.4132014151237	0.8
2.22432448731862	1
1.64655890272395	0.95
1.25747284319474	1
2.06186010337347	0.95
1.45913752980868	0.95
0.327565211062256	0.95
1.5114709333022	1
1.68610347202105	1
1.39875134331841	0.9
0.518898790788452	1
1.72793378570016	1
1.77515170272865	1
2.13980396869172	0.95
1.7954024334746	1
1.96850974943658	0.9
1.21278640217304	1
1.19238027219409	0.9
0.965044322746312	0.95
3.25911331821613	0.95
0.570404127714629	1
3.01505845008322	0.9
2.13969445468624	0.85
1.98384680912489	0.95
1.54751025470174	0.95
2.55876228983705	1
1.15811123941288	1
1.99572437248254	0.95
1.03286726353272	0.95
1.66906065948933	0.95
1.26380813648854	1
1.32116509698603	1
1.59565123645528	1
1.0509412709384	0.95
1.67312224305823	1
1.68356627510462	1
1.62483228701923	0.85
0.555917942042115	0.9
2.82329905232458	1
1.9392267080221	0.95
1.22512056031054	1
0.762940273317427	1
2.98978653607061	0.8
1.32181445409951	0.9
1.43716150925009	1
1.8898152277173	1
0.99719700292529	0.95
0.110387229110226	0.85
1.0405344129142	1
2.35277245779199	0.9
2.11612387294457	0.95
2.22092551701109	0.85
1.29996461184136	1
1.80362275743612	0.95
1.43217653524437	1
2.15352338223546	0.9
2.78408699667992	0.85
1.48779812349881	1
1.65362684730428	0.95
1.85033679471115	1
1.11497771056166	1
0.719657509588071	0.95
1.19845726256689	0.95
1.26139234571517	0.95
1.92228362140474	0.9
1.04973504087766	1
0.436287193001499	1
1.3955784959151	1
1.04492127684952	0.9
1.15174647128066	0.95
2.55986841295886	0.8
1.9285949958162	0.95
1.87053636622062	0.85
2.61622513577112	0.95
2.50921089915034	1
1.81223501206268	0.95
1.10332296481284	1
0.921685234512525	0.95
0.71763576478501	0.95
1.27501423088311	1
0.48024510465936	1
1.13190072597373	1
0.934713096769236	1
2.46048757382171	1
1.54568192240149	1
1.02649912886338	1
1.13907952174822	0.95
1.45000027737718	0.95
2.23715609244088	0.95
-0.0097973814074066	0.65
1.78287428348755	1
0.586269767183236	1
0.576356403699957	0.95
1.56017829882744	1
1.5498740119477	0.95
2.03761771678724	0.95
1.87772977167176	1
2.2114563255527	0.95
3.13064720888695	0.95
1.79638139498566	1
0.887030607672259	0.95
0.788204742231968	1
1.12876450903098	1
1.360531061993	1
2.68770174145696	0.75
0.629184675781156	0.95
1.87005552954837	0.9
1.69841693503398	1
0.81225684203119	1
1.11768279121894	0.95
1.03976343955947	1
2.05017781951253	0.95
1.40995253027794	0.9
1.34243640640671	0.95
1.63122779759177	0.95
0.797872395956762	1
1.83112732247096	1
1.26431170741112	0.95
1.63096977752284	1
3.25055286033378	0.75
2.55082168377788	0.95
2.61253477991847	0.9
0.335951236277859	0.85
1.29944600112591	0.95
1.89458863997134	1
1.93641461263859	0.95
1.44561092836155	0.95
2.27807796527305	0.95
1.28550034169214	0.95
0.747906093047613	0.95
-0.477775945438442	0.3
1.01756419052971	0.95
0.983082721428962	1
1.53374546183239	1
1.5083329381606	1
1.86700066409989	1
1.81636599457181	1
1.1095141581961	0.95
1.98990780052142	1
0.496001487299875	0.95
1.20462484595976	1
1.73611111461496	1
2.12860450250555	0.8
2.54569602546184	1
1.74370916870442	1
1.02996095868448	1
1.55098293006874	1
0.850243232206567	1
1.69119756631619	1
1.17679998403542	1
1.97058641931406	0.95
2.17751403217144	0.95
2.68956884725954	0.95
1.72687175835813	0.95
1.56472887619921	1
1.95339685882425	1
1.49681339946405	0.85
1.66713408013423	1
2.32711829526863	0.95
0.825305772274198	1
1.44550427559637	1
1.70776139687091	0.9
0.801754565566144	0.9
1.29214270074739	0.9
2.48541729716896	0.95
1.85157552628844	0.85
2.17621618740162	1
2.00472791628272	1
1.33572670946122	1
1.97717051307126	1
1.82895131901271	0.95
2.4619602792891	0.9
1.53279411946719	1
1.21567273669519	1
1.24980551095319	0.95
0.829217030273942	1
1.22612667261135	1
1.91923616081343	0.9
2.09833628396448	0.9
1.52294434918649	1
2.00761814261034	0.95
1.34487471100217	1
1.67248551633353	1
1.65667083369318	1
2.11383583697825	0.8
2.26197579756778	1
1.17883867132231	1
2.80876223395251	0.95
1.57863412870912	1
1.32100731599677	1
1.50728433559142	1
0.794365761018993	1
1.14535340520104	0.95
0.765436773226834	0.95
0.977701761086284	0.95
1.60631268170139	1
2.01702993446315	1
1.65228149067561	1
1.90382943890415	1
2.1030406130173	0.95
1.4355150973971	1
1.71483166968993	0.95
1.85774919856666	1
2.85226206070976	0.85
2.17981785520842	0.8
0.736965225355438	1
1.37410611568974	0.9
2.3744666249384	0.95
2.20353645838377	0.95
1.15029586463043	1
0.467393206923539	0.95
0.362085620269193	0.95
0.449697174343232	1
1.40552002249843	1
0.934538333178084	0.95
1.31644993317736	0.85
1.56426690682413	1
0.584672065625977	0.85
2.23085791198486	0.95
1.9955478685181	1
2.21450483218492	1
1.6234837289081	0.95
0.593777368084941	0.95
0.541897888987356	1
2.35523387236587	0.95
1.46855349173403	1
0.727996132067183	0.95
2.26972333034242	1
1.51804246291455	1
2.02015040299749	0.95
2.62375931474335	0.9
2.41596233814705	0.95
0.444827161893186	0.95
0.95572746580344	0.9
-0.0143981925939392	0.7
2.3240504737742	0.95
2.59323741139178	0.8
2.15674890439474	1
2.14724717195274	0.95
1.15536229377987	1
1.50871014546687	0.95
2.5086745547014	0.8
0.843855539676023	1
2.09771386939183	0.95
1.44294816862024	1
0.472294682852872	0.95
1.21734887848545	0.95
2.96766410194048	0.95
1.86238056198034	1
1.02783143043522	1
2.58485744609802	0.9
0.967918586032208	1
1.71548556120251	1
1.04292175282489	0.95
1.88443128907785	1
2.10154353948448	1
0.540240100979946	0.95
2.32849149955624	0.95
1.88785747828512	1
1.98251064881095	0.95
2.56197983843011	0.9
1.74261949418598	1
3.4793710217361	0.95
0.971268104687996	1
1.43445317778391	0.9
1.53307427390495	1
2.25633177648052	0.95
1.22670229864389	0.95
1.78546248241308	1
1.71640543083887	0.9
1.07111841417692	0.9
2.27002096148233	0.9
1.28084997582525	1
1.21677980148274	0.95
1.15313583320684	0.95
1.28565379064767	1
2.15997159354118	1
1.96934030560718	0.9
1.29285533266134	1
2.12814111368912	1
1.64837871063807	1
1.27807906553074	1
0.0962410268253795	0.85
2.15677760513169	0.95
0.593178010235703	0.9
1.33309157724503	1
2.6554304509643	0.9
2.27987652092303	1
2.09384269301111	0.9
2.86566152227382	0.95
2.03221361930491	0.95
1.26151976240057	1
1.99292102770676	0.9
2.50939829272584	1
1.62156030503719	0.85
1.92412254914798	0.9
1.65888563375314	1
0.210187886281395	0.75
1.31469960281508	1
2.6913214444948	1
2.17650660320377	1
0.767047965694777	0.95
1.5262808895455	0.9
2.84873066525674	0.8
1.87228909987683	1
1.04460108714774	1
1.10152538506902	0.95
2.35817544229245	0.95
2.73704355932657	0.85
2.78270448322308	0.95
1.46870299092958	1
0.973333554926279	1
1.63334517137809	0.95
1.10560695122575	1
1.7304146738464	0.95
1.01744226727364	1
1.1591580353477	1
2.38446410150521	0.95
2.54082015410518	0.95
2.2621366569659	0.9
2.11485795180718	0.95
0.526204172896823	0.95
1.2390911277047	1
1.02868445564499	1
2.00865133654284	1
2.14887554561052	0.95
1.08297554896773	0.95
2.20396525925858	0.95
0.145378604025047	0.95
1.58525666961701	1
1.32985959667503	0.95
0.929346471545416	1
2.49358953479743	0.95
1.88183263766763	0.95
1.9461421835079	1
2.38091008254721	0.95
1.63728933153513	0.95
1.04703432348363	1
0.0929328567919143	0.8
1.47565128107642	0.95
1.66405507634146	1
1.91552369683318	1
1.12471506055944	0.95
1.39214120503755	1
1.1930712119017	0.95
1.20919681947978	1
0.411287185102722	0.95
2.06899174732523	0.95
1.97600639941419	1
1.92651185373512	0.95
1.49214286317974	0.95
2.41183244627964	0.95
0.7362886887148	0.95
0.615180601938549	1
0.427279754346954	0.95
2.82763918765154	1
2.73771138272805	0.9
1.74966519422047	1
2.15133021833646	1
1.76423290412412	0.95
1.50909387191813	1
1.01059444631495	1
2.16135687562765	0.95
1.94595036275132	0.95
2.04086209778166	0.95
1.63869860150641	1
1.02268749160188	0.95
1.87904498158643	0.95
0.722493313230998	0.9
1.26799648242725	1
1.47878595960864	1
1.23787742176488	1
0.799071902859087	1
1.76824820932266	0.95
1.83782415895769	1
2.28381421911165	0.9
1.7856546525244	1
2.54426063992318	0.9
1.79855109216888	1
1.6175175329866	1
0.671120452324896	1
2.48304732911001	0.95
0.901161328387348	1
0.392336412782802	1
2.03573896395362	0.95
1.05577163287198	0.9
1.9282775032944	0.9
1.12011250207898	0.95
1.94387958996876	1
2.62061393207506	1
1.02729452974691	1
1.44817085605476	1
2.59898883692345	0.9
1.98191970352759	0.95
1.30409521610631	1
0.505431447413498	0.8
1.53405599409622	1
1.99381328261655	0.95
0.95617544377268	0.95
1.15960194356689	0.95
1.40834211200822	0.9
0.161177860526055	0.8
0.612751130097114	1
1.82808715781156	0.95
2.15856261763372	0.9
2.08045199380901	0.95
0.98436814886645	1
3.50896251998208	0.95
2.38657011332291	0.9
0.664622303548733	0.95
1.49443979570872	0.95
3.26984314901323	0.9
2.63999065596725	0.85
2.22961379870529	1
2.32231995469464	0.95
2.09491220069323	0.95
0.752331018318124	0.95
2.13529338708629	0.95
2.41418962022115	1
0.237843800387074	0.9
1.16271419732261	1
1.61628014335775	0.95
0.849319663683118	1
1.13008857709695	1
1.19938849151488	1
2.6466010079174	0.9
1.4621272802952	1
2.24711153208304	0.9
1.6216689796899	0.95
2.18333745355772	0.95
0.188230449350293	0.9
1.74574637514445	1
2.42276610163065	1
0.976420286419178	1
2.98477702682673	0.95
2.85377148205859	1
2.79062136214385	0.85
2.09440921680763	1
2.07569051542143	0.9
1.41331418488058	0.95
0.831794651061497	0.95
3.15176258309941	0.9
1.36395409585089	0.95
1.59711918050729	0.95
2.22117750578781	0.9
1.32698051629531	1
1.8107093559339	0.95
2.11380759139543	0.95
2.30241190236685	0.9
1.35617814337884	0.95
0.855653768650465	1
1.17778025366789	0.95
2.0820590460737	0.9
1.78168569060011	0.95
0.690740591769387	0.9
1.74609608126289	1
2.07695030911445	1
1.76338357065394	1
1.45135512784114	1
1.99212198416323	0.95
1.93842904541111	1
2.17546561678593	1
1.74442277325206	0.95
1.92638092090653	0.9
2.46733318764767	0.95
-0.346024881707911	0.55
0.702061150226448	0.95
2.64523646443079	0.85
2.8821336465343	1
1.69855728440936	0.95
1.14729332598234	1
1.49841588447353	1
1.64774994890368	1
1.82913215968411	1
2.37464650528706	1
2.21986138952339	0.9
2.53410389739246	0.95
0.467804628552182	1
0.920361566076865	1
1.89109181567015	1
2.22973217102682	0.9
1.19255677479078	0.95
1.5244488833881	0.9
1.20032334927286	0.95
1.30241955208631	0.95
1.80306938264167	0.95
1.06338749462038	0.9
1.83282783519534	0.85
2.7757584516192	0.9
1.61410936875468	0.95
1.80761761429254	1
0.633726682147349	0.95
1.21407631083767	1
1.42273181185832	1
2.28581178067631	0.9
1.54540718055817	0.95
3.51448392798114	0.9
1.92147437537745	0.9
1.14817652920281	0.85
1.7205176904648	1
2.0176309051927	0.95
1.68506524611235	0.8
1.44774417800006	1
1.29323968167156	1
2.39061567536099	0.95
1.43023081567115	0.95
0.912973813066324	0.9
1.91074642900617	1
2.07494758917887	0.95
2.05344521045479	0.85
0.894166590927734	0.95
1.29288346344061	0.9
1.97293056747947	1
1.7733731589285	1
2.21117213678005	0.9
0.87502867761842	1
2.01777468775844	1
0.828885230486685	1
1.48498488189719	0.9
1.74804385560165	1
3.36179188972405	0.9
2.06900958460985	1
1.20083743564845	1
1.98476015800716	1
1.25160933600804	0.95
1.76003974021888	0.9
1.93008465723434	0.95
1.82546851776482	0.9
1.98043797176316	0.95
1.30925963097873	0.95
1.24198960999421	0.95
1.50973636619831	1
2.22807936079927	1
1.27281044132467	0.95
0.612572470518693	0.9
2.03635274188492	1
0.583888537777811	0.95
3.07295202365236	1
1.68870869128709	0.95
2.55389865001917	0.9
1.65360420441099	0.95
0.584528345285319	0.9
0.875201771537371	0.8
1.59742348005707	0.95
2.39656916741146	0.9
2.70886221085919	0.9
2.79859394191009	0.85
1.85643117387635	1
1.342777868881	1
2.65274617720655	0.95
0.97467693561557	0.95
0.718108349710804	0.9
0.731123317479065	1
0.946023164487976	1
2.98318485953627	1
1.40191557268037	1
2.23969818979459	0.95
1.72686904883067	0.95
1.26279417576558	0.95
1.56387534463743	1
1.40227896026238	1
2.63496389347625	0.75
0.981287278764532	1
1.13576790536666	1
0.910557912596774	0.95
1.08388107535933	1
0.388882650938607	0.85
0.576669587281245	0.9
2.15801847132502	0.95
2.09978309768919	0.95
1.10570448585193	0.95
1.31427786629785	0.9
1.41945586765749	0.9
2.82952258200689	0.95
0.92400811319369	1
1.07471887505425	1
0.489136157153901	0.9
1.65360190853787	1
1.45152049566042	1
1.33849226339411	1
0.607789240054244	0.95
0.180666447250608	0.95
2.3727160435803	0.95
2.47045827552964	0.85
0.395574251736923	0.85
1.46484428807235	0.95
2.28259554639672	0.95
2.05595290780698	0.8
2.17230905757099	0.95
2.14357386259315	0.9
0.846053289094817	1
1.92412392207779	0.9
0.687596811124668	1
0.332817146551489	0.95
1.82943266651921	0.95
2.30071985316625	1
1.2318160331623	0.9
1.51429966474809	1
1.15518089687633	0.95
1.24033257100988	1
2.45413030015821	1
0.959196288271131	0.95
0.982936384889202	1
1.2613964649752	1
2.17344191382113	0.9
0.868530805406045	1
1.19530173722402	0.9
1.07298242150127	1
2.09557650933801	1
2.1345675138218	0.95
1.92228018595025	0.9
0.795932023562665	0.85
0.787289884994552	1
0.597073089702445	0.9
0.652371741951992	0.95
1.83009214175473	1
0.832499027318216	1
0.487255351196294	0.95
1.44557867383796	1
3.15062249223189	0.9
1.73260168512698	0.95
2.53769525954482	1
2.1917350531662	0.9
2.63148348580704	1
2.16356858999247	1
0.541222222079028	0.95
0.180163853936836	0.95
0.62990881041795	0.95
1.11434378184288	0.95
2.41586412075364	0.9
2.34894691809668	1
2.38994734643679	1
2.14122153556355	0.85
1.33487172808222	0.95
2.21628729444237	0.95
2.3919514462292	0.95
1.50189443762038	0.95
2.60807752935391	1
1.58913699061549	1
1.57278866635302	1
2.73228157407509	1
2.13503171705943	1
1.13768568976952	1
0.249396907257655	1
1.8190225704024	0.95
1.35847642353193	1
-0.6730663802537	0.1
1.91021050956742	0.95
1.12975882844321	1
1.90748471817169	0.85
1.00341037410842	1
0.77808087103219	1
2.18717359230587	1
2.21276213678489	1
0.811803021165012	1
2.23618088233139	1
2.52963797369977	0.95
0.799019446506361	0.95
2.57212064742537	1
2.27368626697187	0.95
2.44526173563058	0.8
1.65493787478968	0.95
1.90268107636009	0.95
2.05741407858084	0.85
2.85938535018706	0.9
2.06708630302124	1
1.64529411850688	0.9
0.3224209401179	0.9
1.80525747852448	1
1.18503360960135	1
0.953111182167738	0.95
0.903270914730849	1
2.32756917478248	1
1.91389354566998	0.95
1.40191276795357	0.95
0.921629437128437	0.95
2.64241237232943	1
2.02861190024718	1
2.05226787498449	1
2.05725757441425	0.95
1.63497506303043	1
1.23334402614537	0.9
1.34516653079771	0.95
1.83719645767359	0.9
2.675952572404	0.8
2.32279111390373	0.95
2.06363287561115	0.95
1.71575056237732	0.95
0.644373888301535	1
1.34961452401249	1
2.91027613860704	1
1.58101176111586	0.95
2.23452628632159	0.95
1.57486611261336	1
1.7628646968797	0.9
1.36624376582386	1
1.21892917357865	0.9
1.56260270143359	0.95
2.09228515258631	1
0.884945363511954	1
1.42728233334304	0.95
2.08600997612758	0.95
1.60074790343362	0.95
1.75582513714332	0.95
1.89863196585681	0.95
1.20890540008599	1
1.79698897248824	0.95
1.54835964147275	1
1.48202722763343	1
1.74906244982725	0.95
1.61690557442076	1
1.52347019204932	1
1.18169105586818	1
1.10808514739443	0.95
1.40806755535496	1
1.66620241710855	1
1.85456859159884	0.95
1.39125016618628	1
1.9051520729695	0.95
1.32745515383719	1
2.00710713537497	0.9
0.862547163538607	0.9
1.61953645256654	1
1.41876727454364	1
2.05102985770115	1
0.43656139048826	0.85
1.89385258880769	1
1.01300225630675	0.95
1.33456801286733	1
2.13053213610107	0.95
2.37694264576545	1
0.626947969304011	1
2.12106696527674	0.9
1.24112515404637	1
1.32645973406336	0.95
1.53746320911874	1
1.44809444634857	0.95
0.170224107545745	0.75
2.09442409287965	1
1.47469859679089	0.95
2.66331733299168	0.95
1.80613216063731	0.9
1.88397508473013	1
2.09858310805563	1
1.42211986051847	0.85
1.74216585219974	1
2.35336306704174	0.9
1.75621391579851	0.9
1.86225528660327	0.95
2.2508453462154	0.95
1.17151105323685	0.95
1.71660674921279	0.9
1.32210216936801	1
1.17787122203766	0.9
0.0671277176722049	0.7
1.42824992928923	1
0.957472877176	0.9
2.13721488009358	1
1.13556860402019	1
0.312712997056144	0.9
1.07447499329547	0.95
2.43018129458836	0.9
2.25311629323606	0.95
1.46427290513613	1
1.08117269197768	1
1.35616247869574	1
1.25959914935884	1
0.352258253826143	0.8
2.53595436676639	0.95
2.21296296581081	1
2.19497999699114	0.95
1.61382634338921	1
1.10910196059844	0.95
0.843647951836978	1
1.29973416756622	1
1.63026004566559	0.95
2.36849673611311	0.85
1.23674370698187	0.95
2.10003928456632	0.95
1.64182310392113	1
0.986700427048592	1
2.97824520222334	1
2.27909087935373	1
0.975891416090389	1
1.27340801525691	1
0.981513605590626	0.9
1.6355178732763	0.95
1.39207101342793	0.9
1.4860085211734	0.95
1.78379713284684	1
2.33682985031028	0.95
1.86950545922698	0.9
1.51899162533215	1
0.969292750670795	0.95
1.0615929680025	0.95
1.41814582914554	1
2.19447540398509	0.95
2.08546771971982	0.95
1.27432041860168	1
1.14982367057555	1
1.38939136666759	0.9
1.12485414506986	0.95
0.7851132428791	1
3.0808052499012	0.8
1.09961374326371	1
1.98567771985281	0.95
1.67618160518364	0.9
1.83795386034068	1
2.54814955149291	0.95
2.01938485020415	0.9
2.91034247421461	1
2.15273517284832	1
1.63673681183132	1
1.70037572388333	1
2.34060691316188	0.95
2.34095026966641	0.85
1.7169879212258	1
0.865082179360078	0.9
1.65526804222323	1
1.60524469531534	1
2.20183495695328	1
0.771418987741097	0.95
1.22102507272418	1
1.37414228942106	1
3.17475183491516	0.95
2.96543470038192	0.9
2.44561307835972	0.95
2.0071290237932	0.95
0.861325823947758	1
0.644345094171082	0.95
1.16572193410378	0.9
1.58641065621292	1
0.935249188466612	0.95
1.80378165365657	1
2.21871271680614	0.95
1.49568305438207	1
1.52419847356984	1
1.00165100145174	1
1.98889032417354	1
3.23579557954291	1
1.56783650536008	1
0.545481336648322	1
0.0935048697409182	0.8
0.605485240225463	0.75
1.30665572242733	0.9
1.67236366269543	1
2.05374172640755	1
1.89003280514684	0.95
2.30433825947105	0.85
0.798168687751469	1
3.04663296196313	0.95
1.13036665083168	1
1.96589119850926	1
1.52625398422667	1
1.82847133349361	1
1.51778093151685	1
1.35010805805202	0.95
2.35255937599067	0.85
2.21697598122865	0.9
0.866394989244059	1
2.68494381447166	0.9
1.87684960693818	1
1.77916609035303	1
1.93825303708508	0.95
1.55659476108295	1
1.59483684786998	0.95
1.55037218939282	1
2.58871295301147	0.9
0.475064127812604	0.85
1.23486683904992	0.95
1.7569545406675	0.95
2.13486675741349	1
2.9919524983236	0.85
2.63601360474203	1
2.2507251464874	0.85
1.9538669480468	1
2.61178073850305	0.85
1.40660053726997	1
1.39743819520753	1
2.12326038749014	0.95
1.99856966587909	0.9
1.42250532714517	0.95
1.71042152196645	1
0.575422728723419	1
0.850391540418283	0.9
1.63459362545559	1
1.00729566943764	0.95
2.63951435836276	0.9
-0.169230976601408	0.6
0.935046686792869	0.9
1.98518682659377	0.85
1.14928283004609	1
0.780005555657797	0.95
2.74276216436368	0.95
1.93664611689018	0.95
1.05502153516582	0.95
1.24344690876723	1
0.84061318738636	0.95
1.08579718958447	0.95
1.12631949150159	1
1.57307361665607	1
0.517249887995474	1
2.05043760932932	0.85
2.00405826044967	1
1.28067414738979	0.95
2.28276944665306	1
0.817175876653405	1
1.64912867743323	1
1.99628850945317	1
1.64836403689463	0.9
1.35434320531439	1
1.08728454145559	0.95
1.54993422755759	1
1.53148280851818	0.95
3.33919752508194	0.9
0.695291652993636	0.9
1.74376976042844	1
1.09198756759855	0.9
-0.481245468909857	0.45
1.33137408866333	0.9
1.1531648046485	1
2.36457698711448	0.85
2.98830817647138	1
2.37757965611689	1
0.88068692866322	1
0.983574785776854	0.95
2.27242399993965	1
1.53506879990249	0.95
0.547497892250958	0.95
0.301228442285957	0.85
0.269834965162248	0.85
2.38674472877302	1
1.0003023469327	0.95
1.37090386160061	0.95
2.10359973492396	0.95
0.972760657053343	1
1.42107148891779	0.95
2.16855429001623	0.9
1.66588692476629	0.95
0.632213358613501	1
1.82272254922433	1
0.952142515373065	0.95
0.903266325051068	0.95
0.953662549057547	1
2.17424957409617	1
1.9132940747559	1
2.21466604109343	0.95
1.96839468291734	1
2.84456996108059	0.85
1.23477406857185	0.95
2.32000662524938	0.95
-0.283128612288593	0.5
2.25244354354335	0.9
1.83019795832939	0.95
1.41770792491123	0.85
0.949625697085261	1
1.51340600429445	0.95
0.464062395949965	0.9
1.43406322263865	1
2.70091916330608	1
0.352714586176459	0.95
2.11749174591656	0.85
2.43870249258379	0.9
1.10645772837106	1
2.17903074963037	0.95
2.12643146914346	0.95
0.654582278717729	0.75
1.86590432587872	0.95
3.13374639490384	0.8
0.477554132179835	0.85
1.90212256889525	0.85
1.91503683275664	0.95
1.30662423999925	1
1.52475990509224	1
1.52796368345519	0.9
1.6470531737611	1
2.59143677431679	0.95
3.1509131727193	0.9
1.68752048742604	0.95
1.12527066015336	0.95
0.189933796089252	0.9
0.401815921770669	0.95
0.0717874947451591	0.8
1.97555661120553	0.95
0.924470532557014	1
3.02104357852545	1
0.990426625851594	0.95
0.945403693994796	0.95
1.43012798405125	1
0.926787986091719	0.95
3.37952518699535	0.95
1.48905833816105	0.95
1.06056356120899	0.9
2.27018512578155	1
0.0906920409370628	0.9
2.46098474329713	0.9
1.64428219374488	0.95
2.03853702192325	0.95
2.40825205207957	0.95
1.53476625332534	0.95
1.42403689971638	1
1.54739797004086	1
2.10627854600564	0.95
1.9046719671554	1
2.98788402255466	0.95
0.836294748535483	0.95
0.976961451552394	1
1.46682172960558	1
1.91795409395961	0.9
1.47846610225063	0.95
1.5547939090982	1
2.22859888778922	1
0.927542830828804	0.95
1.40095921398202	0.95
1.21342163755388	1
2.73440784527068	0.95
2.24172873459327	1
1.61136221436889	1
3.04468371044877	0.95
0.908551971587679	0.95
0.794262277473292	0.95
0.69816171000735	1
0.689424971410978	0.9
0.950376655210047	0.85
2.48076851185981	0.85
1.27517336892315	1
2.33996779160463	1
1.51353133049369	0.95
1.41857073666736	0.95
1.52184741843616	1
0.868774607810698	1
1.4074597127658	1
1.90301626959255	1
1.42257129068741	0.85
2.31350124087374	0.85
1.8192013566962	0.85
0.408369755772795	0.85
2.79791736284201	0.9
1.16565633541083	1
2.57463125513687	0.95
1.42850742594109	0.95
1.55240743815025	1
1.56598340148976	1
2.63587013055125	1
2.61551591039079	0.9
1.7219616310407	1
1.31655588504863	1
1.62677307564064	1
1.13869965132712	0.95
2.01359455151774	1
3.23122836393515	0.95
2.4065588553441	1
2.1403321220882	0.95
1.69293335487599	1
2.13680239915597	1
1.68969079357735	0.9
1.00249764573108	0.95
1.8508862734392	0.95
2.30976187102482	0.9
1.38104150824704	1
0.903125611449361	0.95
1.27669225022136	1
1.56047960790572	1
1.68276940513686	1
1.93217419685928	0.9
1.69489113302245	1
0.857027043918014	0.95
1.06916315559913	0.9
1.50427189530141	0.95
1.14086136874974	1
2.07068150808215	0.85
0.786609483474185	1
1.00839789372727	0.95
2.08056222291483	1
1.18298115224639	0.95
1.80418856073433	0.85
1.31334705540984	1
1.82625356584115	1
1.26151440236714	1
-0.0410295249220858	0.75
2.00953172718216	1
1.38406953220137	0.95
0.845828204284786	0.9
2.48154999293671	0.8
1.34241188764674	1
1.82922693604444	0.95
1.85635671939424	0.95
1.5842247555469	1
1.20712070234534	0.95
1.38536413080231	1
1.61656052968403	1
0.962961456795058	0.95
1.14104687477683	0.95
0.141678251748727	0.9
1.32626525988493	1
2.29972170082017	0.95
2.23441983001532	1
1.04898713872614	0.9
1.22231293590627	0.95
1.85403742313591	0.95
1.4866514670562	1
2.37804005196587	0.95
1.49191082761985	1
1.77867762331351	0.95
1.58947965305779	0.95
2.68257425756313	0.85
-0.0154679537622111	0.85
0.200056547998852	0.9
0.90092983665892	1
2.5163461207314	0.8
2.31494077795413	0.95
1.89651001841337	0.95
2.35834025886206	1
3.11505585265702	0.9
2.36817313089187	1
2.43945497247059	0.9
1.6432469147415	1
2.16324682946277	0.9
1.33337868071055	0.9
0.940937302795508	1
0.843282084604136	1
1.83710071524383	0.9
2.14377520294097	0.85
2.06838795111831	0.9
1.12488400308922	1
2.05934831320098	1
1.51455113608824	0.95
0.455226545455964	0.9
1.27420285870149	0.95
2.1583493048078	0.9
2.03727705230587	0.95
1.57436993649383	0.95
1.35047590983232	0.95
0.52301030106699	0.9
1.52740888390849	1
2.01393600781476	0.95
2.118140896824	1
0.962901762353467	0.95
1.09021612824521	1
2.69222245398888	0.95
1.3424843645683	0.95
0.393167826700353	1
1.40889635677814	1
1.47000983502428	1
2.11392381613935	0.9
2.7491512212041	0.95
1.56469925596217	1
2.50829478833083	1
1.48866112473756	0.95
1.60978390840011	0.9
2.78727233039335	1
1.88866895517237	0.95
1.41609126326351	1
1.78926996960459	1
0.558789302921983	1
0.94082920832762	1
1.38470534456518	0.9
1.91523183245483	0.95
2.33752505928425	1
1.83349998277212	0.95
1.71026511292626	0.95
1.39597466792126	0.95
0.860044509278092	0.95
1.10863665533974	1
2.50828163422093	0.95
1.15625377585198	1
1.8211108733437	0.95
1.92047741948958	0.95
2.99694998835688	0.9
3.63555938762405	0.85
2.17238983590502	0.95
1.20337414029934	1
2.6260137426402	0.9
2.10953075423317	1
1.8543749073635	0.95
1.4903977526847	1
2.405854356673	0.9
1.36294197302627	1
0.634143805186909	1
1.45537258193691	0.95
1.53514066361905	0.95
1.16219764896253	1
0.849137615272091	0.85
1.03507472174616	1
1.9408922586082	0.85
3.77105789549535	0.95
2.30485759397301	1
1.25595219175088	0.95
1.54319030950148	0.95
2.64320979969272	1
1.71660090029636	0.9
0.888775710916602	1
1.28908120578439	0.9
1.63955723796254	0.95
2.37554316367093	0.95
1.33359921838219	1
2.28422157918677	0.9
2.55508533118967	0.95
-0.194625275109562	0.7
0.948537772607575	0.95
2.40441555700599	0.95
2.12803261743954	0.95
2.28371805827946	0.95
0.202723154063117	0.85
1.76279454359906	0.9
0.997112523666982	1
1.93621043273619	0.95
0.545635979436606	0.9
1.86174749586878	1
0.445222551765684	0.8
1.28274099010733	0.95
2.53324802792562	1
1.09946552064118	1
1.72409806152937	1
0.648983411782813	0.95
2.07547562242572	0.85
1.04105793725744	0.95
1.4709017662991	1
1.35455833099247	0.95
2.75369067472881	0.8
0.861747928668418	0.95
1.42684483369534	1
2.10754869882631	0.85
2.11012921585362	0.95
1.61956679132813	1
0.0944330034499847	0.9
3.03133772879133	1
1.80010918174955	1
1.38144445491294	0.95
1.71910639646353	0.9
1.47045190158171	1
0.784692713820187	1
1.29376547732306	0.9
2.11023596319243	1
0.899070275879252	0.95
1.46923490855799	0.95
2.69249051028395	0.8
1.03956586742757	1
2.04807303929699	0.95
1.55318390397661	0.95
0.775987547890283	1
1.66170559765611	0.9
0.991707843045013	0.95
2.75013298774943	0.95
0.630068105375613	0.9
1.54910954087998	0.9
0.896337138036759	1
1.90075019532681	1
1.30943245004777	0.95
1.84664647053147	1
1.99518730169877	0.95
2.14673602071992	0.9
1.44076079406783	1
1.54864571348568	0.9
1.69008302028749	0.95
1.06219990528094	1
1.07382543453488	1
1.44554584870166	1
2.18909330995011	1
1.81345827814353	1
2.08639701055835	0.95
2.01771411745425	1
1.19798372322407	1
2.42424969020361	0.85
2.3770079643529	1
1.72086664986859	0.95
1.38012394865893	1
2.30866374665492	0.85
2.59265451368588	1
1.04799819749165	1
2.23642348197244	1
0.567686611000852	0.9
1.88192693433475	1
1.27247543925195	1
1.46824827585582	0.95
1.38287529429302	1
1.44126996210476	1
1.49622674360697	1
1.50774799404149	0.95
1.51439965551373	0.85
1.79708600071898	1
1.76536672122746	1
2.95185706934812	0.95
2.89654428188081	0.95
2.26739580097516	0.95
1.61890563853299	0.95
2.13113182152108	0.95
1.59567417875295	0.9
0.825940381524433	0.95
1.97288928554053	0.85
1.66576401693383	1
1.30382061185794	1
2.62541307631996	0.95
1.10450222674373	1
1.29960075904788	0.95
2.00852228320902	1
0.294095046867768	0.75
1.21634325203529	1
1.4412455920064	1
2.35865906779341	0.85
0.899870196165563	0.95
1.5595261351924	1
1.45902444518658	1
2.31430613564596	1
2.46956327832408	0.85
1.85195534371558	0.9
1.72070802646172	0.9
2.33705738442885	1
0.873140114783529	0.95
1.70544229899822	1
1.12273757546385	1
1.90285664826286	0.95
2.23068147287948	1
1.79012262670632	0.95
2.1260228235106	0.85
1.2340526227451	0.95
0.563491468303522	0.95
1.62468786495182	1
1.78893425442467	0.9
0.840740751704306	1
1.39797871563394	1
1.98337583411784	0.95
2.07763610934911	0.9
1.71485463760543	0.9
2.42634817400294	0.9
2.28477297846842	0.95
1.97919448085208	0.9
2.03050698411246	0.95
0.21276728092835	0.85
0.280330890295913	0.95
2.39872055777356	0.9
1.78717268352577	0.95
2.31912616402182	1
2.08291941892802	0.9
1.9042382041632	0.9
2.55474785600334	0.9
2.59146638209919	0.95
1.61695110582989	1
1.06144784533506	1
2.61562686821766	0.85
2.32086792589988	1
2.30194982646135	0.95
2.06678933727831	1
1.13618609245404	0.95
2.53199054938963	0.95
1.30840218742581	0.95
1.56383239562972	0.95
0.920349725334699	1
1.11810845354887	1
0.578764509154855	0.9
1.26420494145309	1
1.76476481739566	1
1.58182128755489	1
2.34885376023987	0.9
0.819273660790366	1
1.65875225013592	0.9
1.88527099619342	1
1.48967047754959	0.95
1.64645332794052	0.95
0.879328195187285	1
1.46607769039794	1
2.27364016575304	1
0.748315003929206	0.9
1.78090144210035	1
1.31198578187948	1
2.34441360149973	0.95
0.840375110127711	1
-0.318624834939689	0.6
1.73029885891145	0.95
1.90573758222751	0.95
1.68982205994898	0.9
2.56691588758295	0.95
2.38045997177932	0.95
1.70743649965534	0.9
0.276622544637397	0.85
0.546360848497905	0.95
1.45612582083905	1
1.73113564520548	0.9
0.954491437223795	1
1.17125970670541	1
1.46384865463529	1
0.627015550241301	1
1.06258343858489	1
0.665225003359138	0.85
1.15197593434954	1
3.34716758777498	0.8
0.621724735176495	0.95
0.904691628163026	1
0.28722391227192	0.9
2.08966673868182	0.85
1.18309736587971	1
0.909298144527202	1
2.25337270953336	0.85
1.68650179279468	1
1.57141789851038	0.95
0.295550632127878	0.95
1.35725962324008	1
2.4106792756136	0.9
2.52358911523128	0.9
2.24347932826317	1
0.809949324364839	0.95
2.63674970903679	0.95
0.477301630205473	0.8
0.788351158982674	1
1.62509630375624	0.95
2.03709203475481	0.85
1.19039358388231	1
0.620932784476662	0.95
1.22716558084065	0.9
1.47195408438434	1
0.972648222203285	1
1.73579589161523	0.95
2.51538995420629	1
2.24704343316261	0.95
2.62591279507804	1
0.956836401896298	0.95
1.27936504105146	1
1.47443343781461	0.9
1.6250269177591	0.95
2.75622042759106	1
0.287994575123026	0.85
1.01489937543085	1
0.421504418165282	0.9
1.30676023363532	0.95
1.06235280366269	0.95
0.550605223964407	0.95
2.14518559367338	0.95
2.16121697495713	0.9
2.83365168286783	0.9
0.782914644429198	1
1.83078176153937	1
1.89855138012682	1
2.52943722968872	1
2.17679758181951	0.9
0.507447039602837	0.9
1.96533050464086	1
0.935381910311691	1
2.51415424285178	0.95
2.50641660469795	0.95
1.2930160993391	0.9
2.33569522249419	0.85
1.51290050290843	1
0.882076387316909	1
2.18181195754172	1
2.10395910783859	0.9
1.73336791960185	0.95
2.52507764993188	0.9
0.948428589560265	1
1.17515239510957	1
1.60159351468749	0.95
0.280770970045579	0.9
2.74517553339504	0.85
-0.239603694023163	0.6
2.18159793373553	0.95
2.85651537559995	1
0.886577176596595	0.95
2.57288228223077	0.95
1.59152458893832	0.95
1.50698813078864	1
0.232892123776611	0.9
1.20335140930172	1
1.9940920370578	0.9
0.0683007779523253	0.8
2.07453931878702	1
2.66486813751294	0.95
1.26449866849962	0.95
0.579102920473654	0.95
1.31889022020782	0.9
2.45897674094379	0.95
1.76288431933666	1
1.46340368339041	0.95
2.1560985098578	0.95
0.189731813153662	0.95
2.03462321250618	0.95
2.56727441428856	0.95
1.76526075957321	0.9
0.724592303973007	1
2.31316406519156	0.95
1.79017349042852	0.95
2.36603370834106	0.95
1.07829069672473	1
1.33636906492158	1
1.71401492442797	1
2.94820775982959	0.85
2.89471133327937	0.95
1.25511348637559	0.95
1.64059627704591	0.9
1.20812746086861	1
1.62246019363516	1
0.172100407893484	0.9
0.766256955209983	0.95
2.38217217128173	0.95
2.9844716731006	0.9
0.666486183930809	0.85
1.69827205180029	0.9
1.90643434956768	0.9
2.01508334255885	0.9
2.52667201914062	0.9
3.35977613132841	0.95
3.03429651597363	0.95
2.19135972919673	1
1.71535614762733	1
3.34485028642689	1
1.4264433176496	1
1.25730811453221	1
0.841033705197451	1
2.08428740864345	0.95
2.5531636350087	0.95
0.772663515005753	1
2.63359765525594	0.9
1.34987449950053	1
1.32666180140992	1
0.812748093690994	0.95
1.53736274147265	1
1.57411331956268	1
0.92613111484887	1
0.53899357494863	0.9
2.44207127431649	1
1.68767780364019	0.85
1.39678394454518	0.85
1.10210834873373	1
1.49983879507294	1
1.17732391510408	0.9
1.9746137477511	0.95
1.73662556974032	1
1.59714984082558	1
1.09626425511938	1
1.64756173898655	1
1.62339321725478	0.95
1.86558931634976	0.95
2.76849015234354	0.9
1.77554962014846	1
0.815348105053888	0.95
1.01628228833039	1
1.03526830924249	0.95
1.29388354625068	0.95
1.68884869387654	1
1.1896733167556	0.95
1.9219446243801	0.95
1.98781029110145	1
0.516663521606863	0.95
1.8690847585033	1
0.778804716063625	0.95
1.36572425244278	1
0.845223558678204	0.95
0.904620363251608	1
2.55210300700091	1
1.51578756395792	1
1.50368449285353	1
0.870494383672997	0.95
0.567721026792714	0.95
2.83796376349545	0.95
1.41397201874685	1
1.76045834687738	1
2.18693357555515	0.95
1.41661909481188	1
0.567395234454769	0.9
2.13612981382545	0.9
2.71387432339438	1
1.95989445132257	0.9
1.95267436712603	1
1.95543450031892	0.9
1.42761110214172	1
0.540863485575995	0.95
0.702594130742568	0.95
1.37048174997953	1
0.310946903851885	0.8
1.85763458685712	1
1.81248735766103	1
0.756044556078809	0.95
0.862677710678535	0.9
1.06250886116245	1
1.13454770621841	1
2.17508086845075	0.95
2.01208349808051	1
0.317730213019981	0.85
1.506008370632	0.95
1.44158425952618	1
0.63042735777381	0.95
1.08528182117736	1
1.27588555566997	1
1.6058039122912	1
1.938266904209	1
1.14322643112239	1
1.92568203875431	0.95
1.60477574222359	0.95
2.25213147217735	0.9
1.11793106634575	1
1.57048892955616	0.95
1.87555665995593	0.95
1.77316346447934	0.95
1.53276695259664	1
1.45934072068245	0.95
2.11407792624856	0.95
1.48909859551254	0.95
1.59972555872527	1
1.49386865923501	1
2.42345031831953	1
2.83382291003476	0.9
1.43611879741552	1
0.972738733208835	1
0.943287741115555	1
1.32504755668804	0.95
0.766661288538943	1
1.66758058345761	1
1.17068556066586	0.95
1.399273634285	1
1.13451623580866	1
1.15103235902365	1
2.00473361449506	1
2.46383890194521	0.85
1.91913258847486	1
1.77379942427174	0.95
1.64367801913798	0.9
2.25232521079429	0.95
1.55825679323008	0.95
2.11971619298333	0.9
2.29690301870038	1
2.81717168808129	1
0.298301656346274	0.75
2.28139189287444	1
1.31805439295552	0.85
1.78354022692903	0.9
1.19400867521927	0.9
0.67532910667281	1
1.82141270105139	0.95
1.34725782922517	1
0.583464024722297	1
2.06209957738668	1
0.184196967238036	0.9
0.724208148758413	0.95
2.26615335892093	1
1.52154888624402	0.95
1.81207296940726	0.95
2.13848937628786	0.85
2.33033236617615	0.85
2.62274704717209	0.95
1.91761408725111	0.95
1.21055885946158	0.9
1.77979893191811	0.9
0.924490405559382	0.95
1.73272461788253	0.95
1.73796228024688	1
0.992069476695167	0.95
2.2037994581892	1
0.835349275098183	1
1.64077094928164	0.95
2.77909066229696	0.95
1.9213271398504	0.95
1.72893292984776	0.95
-0.301014700960599	0.4
1.53916421831447	0.9
2.08572346602625	0.95
1.94224042526862	0.95
1.49513712092284	1
1.31151816080629	1
0.776225851719248	1
1.75521202606985	0.95
1.88124079953287	0.9
1.78918725202364	0.95
1.53244295556804	0.95
1.77678440941772	0.95
1.44873530763252	1
1.25317870074055	1
0.964819534590617	1
1.84159919167048	0.95
2.5872559034945	0.9
0.970315861129743	0.95
1.22880223838811	0.95
2.18318792996412	0.9
0.547524212514307	1
1.94628252510841	0.95
0.976322899063714	1
2.27919929197351	1
1.40515588303394	1
2.26756825683987	0.95
1.83624775464151	0.95
1.4698941454522	0.9
1.36637666901656	1
1.34773366027682	1
1.43647720265906	1
2.96766096161617	0.9
2.09287443688173	0.9
1.36392931965984	0.95
2.08490454267248	1
3.19321757711669	0.95
1.71359706860423	0.95
1.74559629756453	1
2.20878042251626	0.95
1.47452366164296	1
1.52085197423028	1
1.53897740523351	0.95
2.34377437631521	0.85
2.12162672564866	0.95
2.1630985079768	0.9
1.81202133358989	1
1.60981616790237	0.95
1.96689013442823	0.95
1.34321426860338	1
1.84012792541751	0.9
2.59199265126345	0.95
0.887286721387604	1
1.2103356947534	1
2.29589743594291	0.9
1.41205472928187	0.95
0.817934479161448	0.85
1.45806997239032	0.95
1.43785288675061	1
1.79343577768486	0.95
0.474114424965895	0.85
1.51147084243495	0.95
2.04872911330916	1
1.40940486576261	1
0.906806077331662	0.95
1.52043713957692	1
2.17272940243967	0.9
2.03268040764687	0.95
1.00263048765986	1
1.42165238440878	0.95
0.172903272783297	0.85
1.66739204408835	1
1.11754466683955	1
0.810401064432262	0.95
0.457499414920956	0.9
1.32280939443776	1
1.80085887542585	1
2.40691503796312	0.95
1.82124031588382	0.95
2.5653678825581	0.9
0.885707466465931	1
1.79940427180114	0.95
1.36786974910016	1
0.861497481153104	1
1.61996714086432	0.95
0.861880402957544	1
0.945199841697248	0.95
1.4596288534025	1
0.715627275246229	1
2.31457736701056	0.9
2.69239307399488	1
2.454836286818	0.9
1.18467226820863	0.95
3.05986172779099	0.95
1.13477008954926	0.95
1.54359496085167	1
1.52177001179673	0.95
0.705800364625217	0.95
1.69266613071408	0.9
1.26526400948621	1
2.12598298158158	0.9
1.71708103572449	1
2.04957886669533	0.9
1.37909457504082	0.95
0.637295917740262	1
2.15190378140647	0.95
1.02382690436201	1
2.37640878499909	1
2.22908155437522	0.95
0.214707697400524	0.9
2.06798645517046	0.9
1.74291892722929	1
1.4434998763029	1
2.36434908337211	0.9
1.09661551516426	0.95
0.828717888700647	1
3.79819014688299	0.9
2.13815671795224	1
2.20920664145424	0.9
0.46296138486556	0.85
2.8982967892792	0.85
2.02999055045839	1
2.03927675048042	0.95
1.52076795250978	1
0.891813299964726	0.95
2.49903642783946	1
0.814488489790774	0.95
0.120717778395662	0.85
1.69741526048223	1
3.06108916198743	0.9
1.2130502533668	1
1.10144515092705	0.95
1.01774540383177	1
0.000135359881745067	0.85
2.59059966718382	0.9
1.16517221173905	0.95
1.69185067076349	1
3.53593882127347	0.9
1.24013248391408	1
2.90611926604154	0.85
1.60842587352909	1
1.81154955050407	0.95
2.46074978648523	0.75
2.22827221743043	0.95
0.933640978807454	1
2.01828478332502	0.85
0.576461598334513	0.9
2.75802120002631	0.85
0.921312749969821	1
2.00792818319323	1
2.44623004634879	0.95
2.4687116547967	0.9
2.32562671130575	0.9
0.735541068848352	0.9
1.65012838888883	1
2.42762729090174	0.95
1.56682698271829	1
1.94006093254412	0.85
1.5544579341578	0.85
2.13694594611448	0.8
0.888833325848164	0.9
1.80119897005521	0.9
1.41179226108893	1
1.22426102650104	0.95
1.72235728146822	0.95
2.25573427455711	0.95
1.65149931012402	0.95
1.34651829281216	0.95
1.19459974070844	1
0.899215600944117	1
1.64138310645439	0.85
0.444862088220222	0.95
1.57097821559602	0.95
1.18835972228835	1
1.48071064187779	1
0.832812532385278	1
2.35719571057699	1
0.854547448233155	0.9
2.7979405219012	0.95
1.53975603125525	1
0.819592608248509	0.95
0.81388270536437	1
1.87658657908507	0.95
2.1815363116531	0.95
1.66472670844099	1
1.24844109425733	1
1.8394433614668	0.95
1.08364642022859	1
0.885702389771972	0.9
1.19850380814098	1
2.8008017294472	0.95
1.5884712781593	1
1.62848855793933	0.95
2.47418485737781	0.9
0.728090773921748	0.8
2.24342481043017	0.9
1.73781292935693	0.95
1.2966996922672	1
1.04083793241173	0.95
1.16121297326368	0.95
2.19502469908194	0.95
3.00337480788364	0.95
2.55196702238019	0.85
1.24929317371756	0.95
1.60199439593986	0.95
1.66717886123962	1
2.10755809265178	0.95
0.81776083422075	1
0.852764891018581	0.9
0.661420419365839	1
2.5212371956734	0.95
2.49109465792432	0.95
2.97528705973602	1
1.00079747426151	1
1.47356133850045	1
1.78702992583448	1
2.1494501561863	1
0.63416620998177	0.95
0.58539563316674	0.85
1.61243096700756	0.9
1.39194062722924	0.85
1.3371967295638	1
1.77359269487815	0.95
2.39431007521755	1
1.62614229251327	0.9
1.55654062790367	0.95
1.6706479923212	1
1.34178742325918	0.95
1.24112780557996	1
1.65350685393949	0.95
1.64607627131645	1
1.85964178822679	0.95
0.801196872461253	1
2.45936296009376	1
1.55764948442966	1
1.88296846167481	0.95
2.57692367375313	0.95
1.22322432435768	1
1.22630579377275	0.95
1.29815424570597	1
2.24826559472036	0.9
1.61259799679167	1
1.76950079226788	0.95
2.02672391188706	1
0.957166740597932	0.95
2.67414571735819	0.95
2.60545132449437	0.95
1.83524161097817	1
0.719484783580708	0.95
1.28849086311085	0.95
0.883301553287	0.95
-1.01588959103869	0
1.27117394797078	0.95
1.5347582263064	1
1.2912915548571	1
2.20870906907257	0.9
1.95770258029903	0.9
0.771260813610962	0.9
1.55662517511467	1
0.563435069160738	0.95
2.12898619490544	1
1.61564350769727	0.95
1.37780620842002	1
0.861685324316549	1
1.69313409769304	1
0.989361359464907	1
1.37529590757423	1
1.47767383502068	1
2.80387617720154	1
0.790414878505296	1
0.882066140541169	0.95
1.70369362438494	0.9
2.15400045242062	0.85
0.545579016717355	0.8
1.20576606406896	1
1.7168334128062	1
1.29757919560112	0.95
-0.0656303697523062	0.95
0.973434129573362	0.95
1.77403452403348	1
2.19795596061417	0.95
1.75755090642055	1
1.15155602461285	1
2.14024260992671	0.95
2.17390869377041	1
1.31670268927386	1
1.20834132564208	1
1.56798455263639	1
0.811222870100027	0.9
1.57580073751917	0.95
1.64594824093946	0.95
1.9144707256595	0.95
1.85980147643262	0.95
0.597814242899144	0.9
0.747863311247548	1
1.58734988502226	1
2.630581339102	1
1.71297413716723	0.9
1.78702479943841	0.95
1.57949643869725	1
2.91886193658164	0.95
2.58915039580301	0.95
2.79724956873512	1
2.16424326987113	0.95
1.86420099238636	0.9
2.42903655033459	0.9
1.18988366141681	1
1.69159719035536	1
0.524992780857067	0.9
2.78723996029087	0.95
1.10812065382843	0.95
2.42743200969116	0.95
1.5903273749073	1
2.25435556632764	0.9
1.93388197693316	1
1.11518874892822	1
1.03734460982241	0.95
3.49534031188953	0.95
1.45695353240961	1
2.5131851658996	0.95
2.07218098635088	0.85
0.756436629702998	0.9
1.21718995272489	1
0.559449135176126	0.95
1.59824520391768	1
1.0378186314688	0.95
0.791754113312298	0.95
1.78633023584151	1
0.993939503750021	1
0.904291363516956	0.9
0.80993330706963	1
1.67768443112161	0.9
0.11190992213135	0.7
0.011349812177246	1
1.5597748039969	0.95
1.42557609625876	1
0.855044639805837	0.9
0.65174203679024	0.85
1.65616665227861	1
0.577943912243301	0.9
0.909355507831925	0.95
1.42925990825021	1
1.20465254507685	0.95
1.93064352657892	0.95
0.941172278061013	0.95
1.70367674652197	1
1.33254583006505	1
2.50066518653459	0.95
2.71977767789374	0.95
1.91687207211368	1
0.867153215926097	0.95
1.59660412345901	1
2.56731404446979	0.95
2.99618839666921	0.8
2.80440433020828	0.9
1.59334455749593	1
1.40212381654474	0.95
1.3365772595364	0.85
2.5082297800612	0.85
0.971224721421501	0.95
1.91737110319382	1
1.31375204052479	0.9
1.4566837060876	1
2.60592561331699	0.9
2.16180490046069	0.95
2.17095649081835	1
0.613612355783634	0.95
-0.181684474310323	0.75
0.956322713959337	0.95
1.71157206302706	1
2.08287625811605	0.95
1.98851718931185	1
2.53160488163242	0.9
1.97385705478406	0.85
2.14771501727214	0.95
1.82630415974478	0.95
2.89256165416581	0.9
1.76390075547126	0.9
1.1692056538594	1
0.962998159175096	1
1.33938946992127	1
1.74543287282224	1
0.250503470243906	0.85
1.80134037177616	1
3.22140582165673	0.95
1.2320973904448	1
0.283173324971132	0.9
2.55160798017742	0.9
1.73104015406728	1
2.03616488235409	0.9
3.39387470672564	0.95
0.778252791075531	0.95
1.95015857484452	0.95
2.23107332960417	1
1.29395618373908	0.95
1.97418786358217	0.95
0.213849854575408	0.95
1.12664055127978	1
1.41277260751114	0.9
1.37657888165624	1
2.84159301097396	0.9
2.41919771796358	0.9
1.00442025729892	1
1.66590397839457	1
1.77511070679968	0.95
0.491534626751933	0.95
1.71668711786995	0.9
1.79690619408793	0.95
1.81382698835753	0.95
1.92799312176888	0.95
1.92176179614879	0.9
1.96242514124089	0.95
1.21054867848796	0.95
1.32386336944031	1
2.42095174849831	1
2.31980841685665	1
1.33560538923582	1
2.81083732392859	0.9
1.5479586439399	0.95
0.624502822428249	0.9
3.09425682682196	0.9
1.48907085312203	1
1.0732777803705	1
1.5501809226666	1
2.25742181025963	0.95
1.72954494875556	0.9
1.38865993266378	1
0.950006808707197	1
0.627216107577038	0.95
1.19782806618453	1
1.43577661533559	1
2.82937065261103	1
0.393740796990722	0.9
3.7964572773036	0.9
1.21650654156617	0.9
1.34513993212689	0.95
1.78475045645157	0.9
0.840518852854442	1
1.19945112297829	1
1.12623225793857	1
1.46055749989745	1
1.07365416152516	1
0.309652137212021	0.9
2.21162744478354	0.9
2.02849422655945	1
0.783163947532322	0.95
1.27560498600951	0.95
2.97729094280007	0.85
1.13599210913565	0.95
0.71542891632195	0.9
1.5743132469447	1
2.11370476240994	0.95
1.17936456883092	1
0.203789531627255	0.9
1.51873912118482	0.95
3.55191281823475	0.9
1.72837703096294	0.9
1.84997609559866	1
1.087778855419	0.95
1.7175281798332	1
1.32379293439057	0.95
1.89908775612965	0.9
3.50869124826022	0.95
1.08399387008149	1
0.847935702630885	1
1.18056267663916	1
0.745034406161612	1
1.52324575373038	1
2.78193621224212	0.9
2.77195883945104	0.95
1.71580912051195	0.95
1.35032131769574	0.95
0.862630437778515	0.95
1.59154138091774	1
0.233778872031062	0.9
1.8388107054574	1
1.54638144635363	0.95
0.947101259842024	1
1.78282387316834	0.95
1.18319165191802	1
2.45430498177849	0.95
1.99797113331083	1
2.10148170244456	0.95
0.317996174881447	0.95
0.819943528988563	1
1.15180541591222	1
1.37484411151616	1
1.43492887715273	1
1.6629927648564	0.9
2.39596597834494	0.95
2.73858913697982	0.9
2.38916101162495	1
1.19065637666464	0.95
2.00770297498664	0.9
0.83009515772388	1
1.4482090504351	1
2.0652365569809	0.9
1.96000108472782	1
3.06794298272897	0.95
1.75054356358232	1
0.934028549903992	0.95
1.02947382679588	1
2.79754694125394	0.9
2.44462826186026	0.95
2.60208590685898	0.95
2.4848290952975	0.9
1.84227394357538	0.95
0.546854307589343	0.85
2.12486062073454	0.95
3.17959079348053	1
1.94965011230067	0.9
0.774193851158601	1
2.33844414288334	0.95
1.92129454329642	0.95
2.0179301860851	0.95
2.09932726469909	0.95
1.40864572634145	0.95
1.7491145765801	0.95
1.41033948996565	0.85
1.57630047760217	1
1.86708669845854	0.95
1.01195873457739	1
1.99054541125861	0.85
1.28482244700074	1
1.77209788842644	1
2.58952668634233	0.95
0.928187369675465	1
2.04985499691024	1
2.02183884029823	0.95
2.13407749502594	0.95
1.39556026627231	1
0.184406513086182	0.9
1.26278412939729	1
0.948413093113119	1
1.09280971349187	0.95
2.15185106629681	0.95
1.97615634749483	0.9
1.59140135369123	0.95
1.96720779268878	1
2.85936937874864	0.95
2.37024535103102	1
1.6444504818553	1
1.06609236873094	0.95
2.76436906155631	1
2.70292480681657	0.95
1.73321893860023	0.95
2.38736240231068	0.8
1.61346024019883	0.95
1.21598770129592	1
3.91019147112329	1
0.743266292752669	1
1.39680403454716	1
0.708031019653273	0.95
1.0260695922888	0.9
1.19868999433971	1
2.04463239939675	0.9
2.17611039269976	1
1.54033047319845	0.95
1.16195570086637	0.95
1.99120647502106	0.95
1.05005197659751	1
2.71297216956843	0.95
2.81411039734961	0.9
1.30622957671163	1
1.99129196319918	0.95
1.62634520409039	0.75
0.996937701600593	0.95
1.7455258001234	0.95
1.87188870015869	1
1.36019412274426	0.95
0.960191173018661	0.95
1.11931378784878	0.95
1.25809151684918	1
2.31061412327997	0.9
1.13004838358381	0.95
0.590145650019421	0.95
0.045792323663064	0.8
3.02425034188089	1
1.54683864226866	0.9
1.343710692496	1
1.06622027930415	1
1.8884775538963	0.9
2.33140561904386	0.95
2.05000092264043	0.95
2.13941721487595	0.9
1.19625763263045	1
1.64396745424785	0.95
0.951583788967096	1
1.68056121939954	0.9
1.99040432642363	0.85
0.871155917894145	0.95
2.78747768146961	0.85
1.32073106599916	0.9
1.81670140192804	0.85
1.19251957276893	0.95
2.17730469843307	1
0.885954188277267	1
1.59147949423399	0.95
1.76609027792874	1
1.19866336717109	1
1.73371721995689	0.9
1.79451891691614	0.9
2.63712257299773	0.85
1.10212023390273	1
1.87990201507821	1
3.27291452506957	0.95
0.248676849891295	0.9
2.12388854035985	1
0.906534703886079	1
1.21709247847322	1
2.27156736168385	0.95
1.41836851894077	0.95
1.00565312939967	0.9
1.99370583723973	1
1.56227532218123	0.95
1.28520619169655	1
1.77184625319142	1
0.767370841230092	1
2.07555483689267	0.95
2.8286970840222	0.95
2.26916528673295	0.9
0.821172421308126	1
1.66359932014026	1
1.35066675052973	1
2.25218504853615	0.9
0.983181491004682	1
1.47348763617057	1
1.20362586556895	1
2.39385435661365	1
0.979267634138552	1
3.62544217895089	0.95
1.06815924729518	0.95
1.74554576849066	0.95
1.21203338319638	1
3.00013740897433	0.85
2.60808526258436	1
2.6129110853465	0.95
1.97588298808749	1
1.55491633929186	0.95
1.29467170261101	1
1.84334113768615	0.95
0.775330731075527	0.95
1.34472757269219	1
1.2325326367441	0.95
1.41414098189414	1
2.25873668424332	1
2.25128749617596	1
1.95619605933338	1
0.780253735977178	0.9
3.54866298183137	0.85
2.33841276478868	1
1.41582278139803	1
1.56245570596577	1
2.34307298233864	0.95
2.20783176704474	0.9
1.30247771056919	1
1.52219638117663	1
1.13048853267597	0.95
1.30150841074315	0.95
1.82628008312055	0.95
2.03953409715763	0.95
0.721228530256487	1
0.585231477767059	0.95
2.68027623882848	1
1.7097258088686	0.9
1.68912029279069	1
0.471519890726705	1
2.00004095564392	1
1.55563530982528	0.95
1.85446826258632	0.9
2.61883978953193	0.85
1.92782044245243	1
1.3676282248756	0.95
0.604644081708046	0.95
0.360544325702544	0.75
1.21961169605014	0.9
0.933130456410097	1
1.5257959370656	1
1.91960381015321	0.85
2.89447580536209	0.9
1.63128902394773	1
1.44994196398	0.95
1.74231530268993	0.95
0.87502640215047	1
1.56456614912349	0.9
2.6963298610875	0.95
0.971701543297169	1
2.30527918536645	1
2.79224712255871	0.95
0.948031727482828	0.95
3.36013517886413	0.95
1.83776042076623	0.95
1.59738840050636	1
2.27077071522856	0.95
1.83434437890643	1
2.62256126029633	1
1.20730430168039	1
1.51344245750059	0.95
3.24579688734507	0.95
2.05897018706498	0.75
1.67993381763284	0.95
1.15443327743228	1
2.00396543111232	0.9
2.07995049862896	0.95
1.67224525233093	0.95
2.22873075659938	1
1.81207938097149	0.9
1.87625992954104	0.95
0.157443269226308	1
1.64236391958187	0.9
1.35360126287402	0.95
0.737072719192885	1
2.22797657909691	0.95
2.31161689101964	0.95
2.50221170062921	0.9
1.99962134904496	0.95
1.07939173450622	0.95
0.814686292311167	0.9
1.17820235924198	0.95
1.65244928086675	1
1.28833629780007	1
2.75266607548861	1
1.64105003633981	0.9
1.71497489791143	0.9
3.4639251843019	0.85
2.01877232225866	1
0.601253055130375	0.9
2.37701278449089	1
1.23299359334447	1
0.765768653171278	1
1.24881787863239	0.95
2.21985339944017	0.95
1.40657810990764	1
1.58137504195467	1
1.25954412677553	1
2.00933555178248	0.9
1.62843912198361	0.95
1.63530411134085	0.95
0.652379541399004	0.95
1.21178506609315	1
0.297885552934174	0.9
1.69783747531551	0.95
2.42481317847078	0.9
2.73569656007607	0.9
1.35225118072164	0.95
2.29951884203611	0.85
1.83988578623412	1
0.608164134431807	0.9
0.686201276603772	1
0.893252217480692	0.95
1.64345386014159	0.95
0.661223815862547	0.95
1.76267181803395	0.95
2.60881944420524	0.9
0.759983183258703	0.9
1.87762756273666	0.95
1.75285882544424	0.95
2.73554137457621	0.95
1.38227527094512	1
1.52115810118431	0.95
2.22124733805232	0.95
1.1884096939014	1
2.01444202732899	0.95
2.45548587743329	0.9
1.88481551301518	1
2.16837570703656	1
1.40724228850051	1
1.95844390153061	0.95
1.73227897470736	0.95
1.05649209339452	0.9
2.63588468849906	0.9
0.666630471334836	1
0.287074277822563	0.85
0.532628922937076	1
1.08445936454687	1
2.73871962787579	0.85
0.010369127323387	0.8
2.32437788396534	1
1.70600648867168	0.95
1.52531619779026	0.95
1.93123930967257	0.95
0.962516840407221	1
1.81224201537483	0.95
0.443381019819269	1
2.52803049435702	0.9
1.16753453932683	1
1.9412233359248	1
1.48162804174795	1
1.43935391209663	1
1.20322124276142	0.9
1.63927781170727	0.95
1.33947035186243	0.9
2.30017735504506	1
1.13722120125493	0.9
1.78108524441752	0.9
1.65987847472475	0.95
2.34426954494231	0.95
1.00083361730766	1
1.82141595206957	0.95
1.71211771055914	1
1.97321037267489	0.95
0.688785029321776	0.95
1.68300907839961	1
2.48504546481349	1
1.62964652022278	1
1.47481746097723	0.95
0.914635672816351	0.95
2.24997854529002	0.95
0.960751723044732	1
2.23385425306403	1
1.95099526024442	0.95
1.61869111480404	0.9
2.83523854575379	0.95
2.1735150192656	1
1.42857495315617	1
0.804425196355607	1
2.56197932872733	0.95
0.819264180403618	1
1.00818071869823	1
-0.160802364436305	0.8
1.02815219942254	1
0.709724285629481	1
1.28849114102219	1
0.484541710687964	0.95
2.12307783237939	0.9
2.43124358977841	0.95
1.05398835912753	0.95
1.01650870595506	1
1.16741861615559	0.95
0.27928447174585	0.85
2.20819200728919	0.95
1.37400071085915	0.95
2.36925802612351	0.9
0.882856519777942	1
2.14432612903139	0.95
1.03146071883497	1
1.23904825830588	0.95
1.7104350616862	1
-0.523404868891729	0.6
2.35236237365584	0.95
1.42096216112667	0.95
1.71131514039826	1
0.454402191294999	0.9
1.52870660451618	0.9
2.56028707198794	0.75
1.47597592916455	1
2.33972231141373	0.85
1.02554513106321	1
0.743023403592994	1
3.13697403670062	1
1.73010018039736	0.9
1.66923027686291	0.95
0.57696214069056	1
1.92499038581383	1
1.68358336997338	1
1.58436762861734	0.9
3.33169529563428	0.95
1.27845557105368	0.9
0.629100368656928	0.85
0.690929141004752	1
0.695479043971238	1
1.28430447766341	0.95
1.30931705264367	1
2.02361949568537	0.9
2.18750968475435	1
1.85481649353956	1
2.24463939927539	1
2.74596846129682	1
1.54680596881589	0.95
2.64471438253946	0.95
1.71717697852579	1
1.59162280960425	1
-0.0074540509355534	0.85
2.05087273859536	0.95
2.58458026472195	0.9
2.25289695119458	0.95
3.04850654764872	1
2.00615414533882	1
1.49167600497042	0.95
2.35820239968922	0.95
1.28505722064329	1
2.03667419642384	1
0.48373264342925	0.95
2.00065030653008	1
1.69516031899242	0.9
-0.0201311106690896	0.8
1.1683718352749	1
2.21530252145685	0.9
1.27136753580242	0.9
0.448210019353984	0.75
2.68407253105483	0.9
0.402128521310245	0.95
2.41407965584952	0.9
0.978149144050099	1
2.46016962843271	0.9
2.51968108602962	0.95
1.72487068187458	1
0.963230396952393	1
1.9644210651697	0.9
0.369179636825414	1
2.28953934534292	0.9
1.20536152043923	1
1.83793074809672	1
1.53839769028796	1
1.55208128117781	0.95
2.34858805221338	0.9
2.2133578510296	1
0.534244770118036	1
1.96812550947297	0.95
1.47106696807714	1
2.44898544465247	0.9
0.55234220094176	0.9
1.44620346587853	1
1.18033369378651	1
1.57413710633359	1
2.15077636237295	0.95
0.311514094357588	0.8
2.07880474771498	0.95
0.088396246714785	0.65
0.570290214150459	1
-0.128826714736999	0.8
0.958602338240673	0.95
1.72057596328519	1
0.859182671914438	0.95
1.79350932475943	0.85
1.55638827875463	0.9
1.91509434406164	0.95
1.11466592558882	0.95
2.32614860706984	0.95
0.864606590698231	1
0.574332886310771	0.95
1.67063606384959	1
2.52335054027505	0.7
2.07288882844434	1
0.33433295858256	0.85
1.24180957584094	1
1.59884219987076	0.95
1.7199795392532	0.95
2.15333515194829	0.85
1.57101689420202	1
2.5540631842457	0.95
0.978901120984039	1
1.71181475304056	0.95
2.09244209517121	0.9
1.68500665303293	1
2.33772581783316	0.85
1.5886837388805	1
1.0116010073336	0.95
2.30175750175069	1
2.22442562931858	1
1.90228598864187	0.75
2.53876021190665	0.95
1.103744577015	0.9
1.07652644505653	1
0.646406766426298	1
0.846933454250662	0.9
1.66419740313877	1
2.53116050851595	1
1.67186662337377	1
2.01979859109301	1
1.71936838756834	0.85
0.473445206000928	1
1.78691213842863	1
1.77964453229316	1
1.7656058224868	1
1.46596941417042	1
1.94257015152754	0.95
1.41718910363092	0.95
1.75406268488638	0.85
2.59264367899253	0.9
1.09042233954177	1
2.27880135914978	0.95
1.53431796340841	1
1.11654973791272	1
1.57261980879025	1
1.82285180899046	1
3.4561480246965	0.85
1.73573402526403	0.95
2.82022395771419	0.85
1.82809435378718	0.9
2.74056765511444	0.95
2.44809243731549	0.9
0.691429683938292	1
2.19988635575281	1
1.40650138364539	0.95
0.922315885811429	1
1.92315190837875	0.9
2.00718400376733	1
2.01809218705752	0.95
1.53843613455933	1
2.0537573112027	1
1.90958568955753	0.95
2.20716619712353	0.95
0.567582087259531	0.95
3.34424390325592	1
1.96429220695996	0.9
1.3770619719721	1
0.574739574031543	0.8
1.49694204992216	0.9
1.51220880556635	1
2.52072498752688	0.75
2.62332273960536	0.95
1.08007525198228	1
0.620660021847055	1
0.906394315948657	0.95
1.31256967084169	0.95
1.89957535300446	1
2.58167966662291	0.95
1.51716627920575	0.95
1.73038508470428	0.9
3.18785885935668	1
1.88327978421644	1
2.55802177854945	0.85
2.48723287088672	1
1.35256274310075	1
0.810189268528775	1
1.37058485817452	1
1.82621279535424	0.9
2.30497183087251	0.85
2.19431635029898	0.75
1.91972114893448	1
1.67431994904262	0.95
1.32723440921965	1
1.83418025906104	1
0.780458876128853	0.95
0.884408646524883	0.95
1.50637798127368	1
0.74282905530327	1
0.610644276292934	1
0.678704668443505	0.95
1.34640679889992	0.95
2.70192647090853	0.85
2.82811085293571	0.9
0.942182771720344	0.95
2.06053560064529	0.95
1.74007513885119	1
0.385124261199624	0.9
3.03356583034704	0.9
1.47773056409354	1
1.54701996768173	1
1.97461772696246	0.95
1.31397520848495	1
1.85992978797359	1
1.77950401224444	1
1.89784704074085	1
1.15628625421556	1
0.837791514837908	1
1.26459272411961	1
1.09996330526921	1
1.40620810737627	0.95
2.37035087606628	0.95
1.40756240893165	1
1.03662066635866	1
1.92381476405048	1
0.88082757563717	0.9
0.357247439542635	0.95
1.70710438064705	0.95
1.80405471683433	0.85
1.81015225247354	1
1.96006574363336	0.9
0.999374310703291	0.9
0.88299320178171	0.9
0.574406123925171	0.9
1.84467700145042	0.9
1.90051238785483	1
2.67099182050969	0.95
0.373498259741831	0.95
2.62160917518356	0.95
2.4325518310499	1
2.21094617298274	0.95
2.19693239883056	0.85
0.488161654031446	0.95
1.79764818633126	0.95
1.74608733244545	0.85
1.94878137319523	1
1.16956644185767	1
2.71388369624051	0.9
2.0327891596446	0.95
2.23963696517787	0.8
0.710619050590079	1
0.920445649472762	0.85
2.33456199261781	0.95
1.52471173470003	0.95
1.8087434304125	0.85
2.09590063830489	0.9
1.0591298222616	0.95
1.21500212829154	1
1.37698484478951	1
0.734006893478416	1
2.08779341393323	0.9
0.2959423807682	1
2.90670876213768	0.95
1.68034219411574	1
0.895508013776274	1
2.02727780275836	0.95
2.03633578386983	1
2.30433903171922	1
1.66778096307989	0.95
1.45135286407471	1
0.840866802898193	1
1.42544604520482	0.95
-0.0709797724142627	0.9
1.8179690416884	0.95
2.69353200417457	0.85
0.750310199478003	0.95
1.24606162246706	1
1.48356644924026	1
0.811062797621983	0.95
-0.0801532583478419	0.8
0.549421546093836	0.9
1.05254467826091	0.85
1.10931333377184	1
1.68151443057846	0.95
0.122502014692645	0.95
1.46989304064046	1
1.45024280793831	1
0.422723794391991	1
1.67170143721475	1
1.52634498303696	1
1.97714168162299	1
0.790966466713546	1
1.94169356849689	0.95
3.01344962799189	0.9
1.57759119012758	0.95
1.06395564897924	0.95
2.38186628295126	0.95
1.87958597772459	1
2.65407078804387	0.9
1.18522323120406	0.95
1.30136318092649	1
2.08650718215908	0.8
1.67391591040578	1
1.23211183375258	0.9
1.64849666791185	0.9
2.87916972542264	0.85
0.40222322979854	0.9
1.19275964179926	1
2.06910826740465	0.85
2.54598188065372	0.95
0.180105321395295	1
0.546727609538254	1
0.410757959356282	0.85
0.650240520616848	0.95
1.94640501965555	0.95
1.32314538748872	1
1.52196803020273	1
2.45149992820756	0.9
1.99497541868698	0.85
1.41098988005213	0.9
1.46409559956263	0.95
2.59002607156051	0.95
2.02980620819002	1
2.34856165486167	0.9
0.933801866915122	1
0.626268475520971	0.9
1.56423252689449	1
0.947692021461911	1
1.43599566768579	1
2.53557351180711	0.9
0.956604509060469	0.95
1.760927204434	0.95
2.08122850345881	0.9
1.30279577358147	0.9
1.41842562658951	0.95
0.718333359818106	0.9
1.48272055515939	1
1.53756777598793	1
1.79884116455659	0.9
1.97477090022912	0.9
1.46301881998147	1
0.394874278393757	0.95
0.564474608133414	0.95
0.530183906169139	0.95
0.50299996333038	0.95
2.47504600907336	0.95
2.75739797582054	0.9
1.43343516620506	1
2.25023173312815	1
1.43191429830102	0.9
1.58284698927174	0.95
2.0008235992529	1
1.2225496528574	0.9
1.23430608488137	0.95
1.52781814814179	1
0.786097256606441	0.95
-0.151642335048483	0.75
1.37634638586445	1
1.54997146502157	1
2.52945302121951	1
1.40087377284004	0.95
2.6418262836856	0.9
1.85796081089477	0.95
1.19556569523851	1
2.33319451562463	1
1.60836807907227	0.95
1.73047891772053	1
2.36547961449038	0.9
3.12535109091624	0.85
2.04274119009308	0.95
1.89730003636484	0.95
-0.0149090031240651	0.85
1.36213604927257	1
2.18563195511503	0.85
2.26513845785439	0.85
1.81354308094693	0.85
1.70322324572035	0.95
1.32264710887521	1
2.40921728236369	1
2.01870644353346	1
1.69257996808918	0.9
2.36009088502491	1
